3.729655473350135e-17,-6.938893903907228e-18,0.31050900000000003,3.729655473350135e-17,-6.938893903907228e-18,0.31050900000000003
-5.308588101821934e-05,-0.0023298346876017284,0.3104953458411996,-8.003457572635514e-08,-8.299261759240999e-05,0.31050898321744036
-0.00021227164621078973,-0.004655673754395771,0.3104543860330561,-3.6267710849936623e-06,-0.0005665673730938445,0.3105082139009276
-0.00047734175386858783,-0.00697352670763416,0.3103861285797389,-2.8506860863893816e-05,-0.001606126274826359,0.31050265421996337
-0.000847937273947197,-0.009279413304050885,0.31029058681951815,-0.00010908845516421082,-0.003170329298463021,0.3104841625894026
-0.0013235563468495899,-0.01156936865801861,0.31016777942174795,-0.00028231247729156896,-0.005137116015436141,0.3104434540237467
-0.0019035548248758638,-0.013839448329829074,0.31001773038264263,-0.0005736147416272952,-0.007363382139118907,0.31037353094506165
-0.0025871470954952226,-0.016085733387513314,0.30984046901984885,-0.0009925383447854708,-0.009724228575328626,0.31027110331771424
-0.003373407085356164,-0.018304335435652613,0.30963602996581324,-0.0015365200597208103,-0.012128351700135301,0.31013602303269927
-0.004261269443712841,-0.020491401604677384,0.30940445315994836,-0.0021973720327784227,-0.014518391712277557,0.30996986150411177
-0.005249530903709533,-0.022643119494200607,0.3091457838395987,-0.0029664936414926712,-0.01686393157825776,0.30977459550685954
-0.006336851819731023,-0.024755722063997496,0.3088600725298073,-0.003837530549925989,-0.019152527320535427,0.3095518138521231
-0.007521757878795643,-0.026825492466311805,0.3085473750318873,-0.004806906731079366,-0.02138176451627831,0.30930243897725973
-0.008802641983737987,-0.02884876881324666,0.3082077524108003,-0.0058731864825367006,-0.023553503973688508,0.30902678257546773
-0.010177766305703766,-0.03082194887308692,0.30784127098134373,-0.007036083096279785,-0.02567036595028128,0.3087247459046651
-0.011645264503255877,-0.03274149468949365,0.307448002293152,-0.008295590815790883,-0.027733985997678665,0.30839603470156174
-0.013203144105172971,-0.03460393711761528,0.30702802311451355,-0.009651420810504328,-0.0297444469503988,0.30804032414115795
-0.014849289053806187,-0.03640588027127088,0.3065814154150073,-0.011102739786070789,-0.03170036445732754,0.307657356625056
-0.016581462405650057,-0.03814400587548024,0.3061082663469654,-0.012648129043941768,-0.03359924993931329,0.30724698122554833
-0.018397309185577443,-0.03981507751874204,0.30560866822576194,-0.014285666862875678,-0.035437922240483366,0.30680915345910886
-0.020294359390986946,-0.041415944799595594,0.30508271850893603,-0.016013055300408884,-0.037212854940612314,0.3063439141759542
-0.022270031141915857,-0.042943547362143085,0.3045305197741531,-0.017827741229308143,-0.038920422575329953,0.305851361945376
-0.0243216339729807,-0.04439491881535721,0.3039521796960078,-0.01972700783278495,-0.0405570509895017,0.3053316278034111
-0.026446372262822246,-0.045767190531155404,0.30334781102167674,-0.02170803153493865,-0.04211929455278125,0.3047848564517938
-0.028641348796553855,-0.04705759531638317,0.3027175315454245,-0.02376790979974594,-0.04360386578462602,0.3042111946659955
-0.030903568456537266,-0.048263470954017826,0.30206146408196927,-0.025903669122623242,-0.04500763866461934,0.30361078580442924
-0.03322994203664467,-0.04938226360907808,0.30137973643871524,-0.028112262298092557,-0.04632764046098401,0.3029837685916818
-0.03561729017500595,-0.050411531094907286,0.30067248138685765,-0.03039056185044866,-0.04756104092790266,0.3023302783634898
-0.038062347400085,-0.05134894599568154,0.29993983663136603,-0.03273535387971629,-0.04870514324149931,0.3016504493437135
-0.04056176628478476,-0.05219229864118907,0.2991819447798549,-0.03514333433719813,-0.04975737818197917,0.30094441701128943
-0.04311212170314049,-0.0529394999301215,0.29839895331034716,-0.03761110821066143,-0.05071530151867691,0.30021232005452264
-0.04570991518402878,-0.053588583998322004,0.2975910145379387,-0.040135191251470026,-0.05157659389663727,0.2994543017346513
-0.04835157935619625,-0.05413771072863936,0.2967582855803713,-0.04271201354781773,-0.052339062385011265,0.2986705106812179
-0.05103348247879596,-0.054585168099251194,0.2959009283225227,-0.04533792424119956,-0.053000642958771924,0.2978611012394443
-0.053751933051508126,-0.054929374367530884,0.295019109379821,-0.048009196830313926,-0.05355940337882179,0.29702623351608004
-0.0565031844982261,-0.05516888008675562,0.29411300006059304,-0.05072203469409734,-0.05401354612407905,0.2961660732552803
-0.05928343991819079,-0.05530236995317111,0.2931827763273538,-0.05347257663107308,-0.05436141117734046,0.2952807916433018
-0.06208885689837631,-0.05532866448115874,0.2922286187570484,-0.056256902331320524,-0.05460147856844195,0.29437056510539067
-0.06491555238085235,-0.055246721504474586,0.2912507125002528,-0.05907103776909021,-0.05473237064044456,0.29343557512831575
-0.0677596075787816,-0.05505563750176409,0.2902492472393456,-0.06191096053836632,-0.05475285403809409,0.2924760081205535
-0.07061707293465173,-0.05475464874478793,0.2892244171456577,-0.06477260516333251,-0.05466184143274534,0.29149205530903555
-0.07348397311429186,-0.05434313226802999,0.2881764208356139,-0.0676518684119824,-0.05445839300207041,0.29048391266494966
-0.07635631203018163,-0.05382060665859484,0.28710546132587067,-0.07054461463208299,-0.05414171768147563,0.28945178084923573
-0.07923007788752781,-0.053186732665540665,0.2860117459874672,-0.07344668111914507,-0.05371117420049522,0.2883958651692138
-0.08210124824656097,-0.05244131362803166,0.28489548649899454,-0.07635388351826469,-0.053166271913360326,0.2873163755397703
-0.08496579509448828,-0.05158429572193435,0.28375689879879773,-0.07926202125632124,-0.052506671429371106,0.2862135264447412
-0.08781968992053289,-0.05061576802472122,0.28259620303621996,-0.082166882997827,-0.051732185045988206,0.28508753689605537
-0.09065890878749278,-0.04953596239878629,0.2814136235219,-0.08506425211616436,-0.05084277698575028,0.2839386303896243
-0.09347943739326434,-0.04834525319351418,0.2802093886771365,-0.08794991217143037,-0.04983856343710434,0.28276703485786997
-0.09627727611579343,-0.04704415676668611,0.2789837309823275,-0.09081965238616546,-0.048719812398823295,0.28157298261926617
-0.09904844503495049,-0.0456333308260415,0.2777368869245007,-0.093669273110546,-0.047486943327696075,0.28035671032544746
-0.10178898892485769,-0.04411357359205137,0.27646909694394434,-0.09649459126898666,-0.04614052658944556,0.27911845890643017
-0.10449498221024953,-0.04248582278319479,0.2751806053799507,-0.09929144578043034,-0.04468128271322869,0.27785847351439086
-0.10716253388049536,-0.040751154425260554,0.27387166041568806,-0.1020557029448704,-0.04311008145051441,0.2765770034663176
-0.10978779235498462,-0.03891078148643022,0.27254251402220947,-0.10478326178885417,-0.04142794063956734,0.27527430218573
-0.11236695029363906,-0.03696605234012202,0.27119342190161466,-0.10747005936286876,-0.03963602487715699,0.2739506271435688
-0.11489624934640232,-0.03491844905780433,0.2698246434293764,-0.11011207598363044,-0.037735643999461374,0.27260623979829185
-0.11737198483564229,-0.03276958553420625,0.2684364415958466,-0.11270534041439943,-0.03572825137444345,0.2712414055351787
-0.11979051036550054,-0.030521205447572083,0.2670290829469527,-0.11524593497653512,-0.03361544200825234,0.26985639360482977
-0.1221482423523245,-0.028175180057821197,0.2656028375241017,-0.1177145403519297,-0.0315166651514665,0.268445327995645
-0.12421222345390563,-0.028651265820932324,0.2639862639219033,-0.12006588265385766,-0.029874348145072508,0.26698468217117105
-0.1262536212825532,-0.029122142440064395,0.26234260757154243,-0.12230417924341612,-0.028899385163892562,0.2654616741070181
-0.1282720622989271,-0.0295877237532068,0.2606722159133805,-0.1244553421517583,-0.02855149374588795,0.26387644697600615
-0.13026717812530417,-0.030047924788946974,0.2589754420516149,-0.12654314471804942,-0.028675091146584026,0.26223584293863644
-0.13223860562845607,-0.03050266178558776,0.2572526446730262,-0.12858476544587163,-0.029093084349995208,0.26054887812029714
-0.13418598700131015,-0.030951852209983297,0.2555041879644413,-0.13059191266873865,-0.029656828428897893,0.258824013717316
-0.13610896984337328,-0.031395414776090064,0.2537304415289309,-0.13257209346546941,-0.030263614132367885,0.2570678489384718
-0.13800720723990245,-0.03183326946322857,0.2519317803007608,-0.13452941160518908,-0.030854817574660135,0.2552848043471604
-0.13988035783980166,-0.032265337534051475,0.25010858445911666,-0.13646533823254797,-0.03140531585007719,0.25347739155194166
-0.14172808593222821,-0.032691541552213696,0.2482612393406236,-0.13837959789832704,-0.03191113316094678,0.2516467373728839
-0.1435500615218896,-0.03311180539974079,0.24639013535067825,-0.14027101942484121,-0.032378993564400604,0.2497931326043847
-0.1453459604030148,-0.03352605429409161,0.2444956678736171,-0.14213818183870597,-0.03281908225028487,0.24791647961974575
-0.1471154642319817,-0.03393421480491045,0.24257823718174026,-0.14397979565994626,-0.03324091077560894,0.24601659578138316
-0.1488582605985846,-0.03433621487046619,0.24063824834321146,-0.14579485790602004,-0.03365154654203996,0.24409338167073355
-0.15057404309592448,-0.03473198381377336,0.23867611112885692,-0.14758265998818984,-0.03405533535054826,0.24214688735409726
-0.15226251138890673,-0.035121452358392063,0.2366922399178842,-0.14934272410722157,-0.03445437905929531,0.24017731467136538
-0.15392337128132974,-0.03550455264390302,0.23468705360254288,-0.15107472117587153,-0.03484925710459655,0.2381849876993411
-0.15555633478154893,-0.03588121824105353,0.2326609754917495,-0.15277839925519487,-0.03523970019420661,0.23617031382361742
-0.1571611201667016,-0.03625138416657229,0.23061443321369865,-0.15445353346104504,-0.03562509157985822,0.23413374835075848
-0.15873745204547662,-0.03661498689764771,0.22854785861748417,-0.15604040538456998,-0.03599105469229025,0.23214816333538524
-0.15873745204547662,-0.03661498689764771,0.22854785861748417,-0.15732059423134703,-0.036286723984335745,0.23049491272126837
-0.15873745204547662,-0.03661498689764771,0.22854785861748417,-0.15820134593679622,-0.03649037922054419,0.2293219274775122
-0.15873745204547662,-0.03661498689764771,0.22854785861748417,-0.1587182887355872,-0.03661005980282697,0.22861204684433725
-0.15873745204547662,-0.03661498689764771,0.22854785861748417,-0.15896141613267423,-0.03666645484515336,0.22826474367832222
-0.15873745204547662,-0.03661498689764771,0.22854785861748417,-0.1590279607295556,-0.036681989888838626,0.22815870956580425
-0.15873745204547662,-0.03661498689764771,0.22854785861748417,-0.15899897421273912,-0.036675389024969515,0.2281875561504727
-0.15873745204547662,-0.03661498689764771,0.22854785861748417,-0.15893162791850252,-0.03665987535962474,0.228273832468485
-0.15873745204547662,-0.03661498689764771,0.22854785861748417,-0.15886035516681524,-0.036643422217686225,0.22836957016058468
-0.15873745204547662,-0.03661498689764771,0.22854785861748417,-0.15880195348960005,-0.03662992571257136,0.22845040285208157
-0.15873745204547662,-0.03661498689764771,0.22854785861748417,-0.15876156004864816,-0.03662058326734348,0.22850795229245885
-0.15873745204547662,-0.03661498689764771,0.22854785861748417,-0.15873783688674517,-0.036615091829423435,0.22854300514056156
-0.15873745204547662,-0.03661498689764771,0.22854785861748417,-0.15872672249715047,-0.03661251575859775,0.22856046680371817
-0.15873745204547662,-0.03661498689764771,0.22854785861748417,-0.15872373658503264,-0.036611820578458555,0.2285661741089434
-0.15873745204547662,-0.03661498689764771,0.22854785861748417,-0.15872513264664231,-0.03661214029683918,0.22856522124781226
-0.15873745204547662,-0.03661498689764771,0.22854785861748417,-0.15872827720623006,-0.03661286571590716,0.22856132954296549
-0.15873745204547662,-0.03661498689764771,0.22854785861748417,-0.15873159354461872,-0.036613631815210934,0.22855683070679955
-0.15873745204547662,-0.03661498689764771,0.22854785861748417,-0.15873431693422546,-0.0366142613617529,0.22855293907178797
-0.15873745204547662,-0.03661498689764771,0.22854785861748417,-0.1587362142425787,-0.036614700152840296,0.22855010334702522
-0.15873745204547662,-0.03661498689764771,0.22854785861748417,-0.158737345368749,-0.036614961859337505,0.22854832443887685
-0.15873745204547662,-0.03661498689764771,0.22854785861748417,-0.15873789324445267,-0.03661508869130659,0.22854739347536496
-0.15873745204547662,-0.03661498689764771,0.22854785861748417,-0.1587380603810501,-0.03661512744405243,0.2285470448479055
-0.15873745204547662,-0.03661498689764771,0.22854785861748417,-0.15873801724783954,-0.036615117534199465,0.2285470389964951
-0.15873745204547662,-0.03661498689764771,0.22854785861748417,-0.1587378850355091,-0.036615086995517354,0.22854719591351902
-0.15873745204547662,-0.03661498689764771,0.22854785861748417,-0.15873773773191058,-0.03661505294858386,0.2285473990009502
-0.15873745204547662,-0.03661498689764771,0.22854785861748417,-0.15873761264033784,-0.03661502402854496,0.22854758433905603
-0.15873745204547662,-0.03661498689764771,0.22854785861748417,-0.15873752263347288,-0.03661500321770935,0.22854772527852052
-0.15873745204547662,-0.03661498689764771,0.22854785861748417,-0.15873746671789407,-0.03661499028910023,0.22854781789675002
-0.15873745204547662,-0.03661498689764771,0.22854785861748417,-0.15873743768564832,-0.03661498357687781,0.22854786972543875
-0.15873745204547662,-0.03661498689764771,0.22854785861748417,-0.15873742688488388,-0.03661498108044299,0.228547892223249
-0.15873745204547662,-0.03661498689764771,0.22854785861748417,-0.1587374267079705,-0.036614981040406815,0.22854789647590137
-0.15873745204547662,-0.03661498689764771,0.22854785861748417,-0.15873743153213143,-0.036614982156406115,0.22854789124775518
-0.15873745204547662,-0.03661498689764771,0.22854785861748417,-0.15873743776071922,-0.036614983596736886,0.22854788251515248
-0.15873745204547662,-0.03661498689764771,0.22854785861748417,-0.15873744344247787,-0.03661498491028729,0.22854787378564828
-0.15873745204547662,-0.03661498689764771,0.22854785861748417,-0.15873744777192939,-0.03661498591094539,0.2285478667245622
-0.15873745204547662,-0.03661498689764771,0.22854785861748417,-0.15873745063358669,-0.036614986572147415,0.22854786180506495
-0.15873745204547662,-0.03661498689764771,0.22854785861748417,-0.1587374522559878,-0.036614986946843536,0.22854785884416773
-0.15873745204547662,-0.03661498689764771,0.22854785861748417,-0.1587374529841883,-0.03661498711487928,0.22854785738199684
-0.15873745204547662,-0.03661498689764771,0.22854785861748417,-0.15873745315139465,-0.036614987153318346,0.22854785691444296
-0.15873745204547662,-0.03661498689764771,0.22854785861748417,-0.15873745302144088,-0.03661498712315429,0.2285478570120432
-0.15873745204547662,-0.03661498689764771,0.22854785861748417,-0.15873745277525156,-0.03661498706619491,0.22854785736233596
-0.15873745204547662,-0.03661498689764771,0.22854785861748417,-0.15873745252035934,-0.036614987007274155,0.22854785776786324
-0.15873745204547662,-0.03661498689764771,0.22854785861748417,-0.15873745230933642,-0.03661498695852193,0.228547858123473
-0.15873745204547662,-0.03661498689764771,0.22854785861748417,-0.15873745215887258,-0.03661498692377824,0.22854785838806058
-0.15873745204547662,-0.03661498689764771,0.22854785861748417,-0.1587374520655343,-0.036614986902237495,0.228547858558986
-0.15873745204547662,-0.03661498689764771,0.22854785861748417,-0.15873745201698672,-0.03661498689104274,0.22854785865258426
-0.15873745204547662,-0.03661498689764771,0.22854785861748417,-0.15873745199897152,-0.03661498688689636,0.2285478586912519
-0.15873745204547662,-0.03661498689764771,0.22854785861748417,-0.1587374519989738,-0.036614986886906446,0.228547858696105
-0.15873745204547662,-0.03661498689764771,0.22854785861748417,-0.158737452007641,-0.03661498688891332,0.22854785868368585
-0.15873745204547662,-0.03661498689764771,0.22854785861748417,-0.15873745201887093,-0.036614986891508654,0.22854785866523156
-0.15873745204547662,-0.03661498689764771,0.22854785861748417,-0.1587374520292514,-0.036614986893905854,0.2285478586473128
-0.15873745204547662,-0.03661498689764771,0.22854785861748417,-0.15873745203729472,-0.0366149868957622,0.2285478586330133
-0.15873745204547662,-0.03661498689764771,0.22854785861748417,-0.15873745204271503,-0.03661498689701252,0.22854785862315116
-0.15873745204547662,-0.03661498689764771,0.22854785861748417,-0.15873745204585912,-0.03661498689773736,0.22854785861729335
-0.15873745204547662,-0.03661498689764771,0.22854785861748417,-0.15873745204731582,-0.036614986898072924,0.22854785861448004
-0.15873745204547662,-0.03661498689764771,0.22854785861748417,-0.15873745204768255,-0.036614986898157106,0.22854785861367505
-0.15873745204547662,-0.03661498689764771,0.22854785861748417,-0.15873745204745118,-0.03661498689810341,0.22854785861399843
-0.15873745204547662,-0.03661498689764771,0.22854785861748417,-0.1587374520469714,-0.03661498689799253,0.2285478586148105
-0.15873745204547662,-0.03661498689764771,0.22854785861748417,-0.1587374520464595,-0.036614986897874346,0.22854785861570853
-0.15873745204547662,-0.03661498689764771,0.22854785861748417,-0.15873745204602685,-0.03661498689777456,0.22854785861647992
-0.15873745204547662,-0.03661498689764771,0.22854785861748417,-0.15873745204571324,-0.03661498689770225,0.22854785861704474
-0.15873745204547662,-0.03661498689764771,0.22854785861748417,-0.15873745204551593,-0.036614986897656715,0.22854785861740287
-0.15873745204547662,-0.03661498689764771,0.22854785861748417,-0.15873745204541218,-0.03661498689763276,0.2285478586175929
-0.15873745204547662,-0.03661498689764771,0.22854785861748417,-0.15873745204537337,-0.03661498689762384,0.22854785861766513
-0.15873745204547662,-0.03661498689764771,0.22854785861748417,-0.15873745204537373,-0.03661498689762392,0.2285478586176663
-0.15873745204547662,-0.03661498689764771,0.22854785861748417,-0.15873745204539308,-0.036614986897628404,0.2285478586176326
-0.15873745204547662,-0.03661498689764771,0.22854785861748417,-0.1587374520454182,-0.036614986897634184,0.2285478586175881
-0.15873745204547662,-0.03661498689764771,0.22854785861748417,-0.1587374520454414,-0.03661498689763951,0.2285478586175468
-0.15873745204547662,-0.03661498689764771,0.22854785861748417,-0.15873745204545936,-0.03661498689764368,0.2285478586175148
-0.15873745204547662,-0.03661498689764771,0.22854785861748417,-0.15873745204547146,-0.03661498689764646,0.22854785861749335
-0.15873745204547662,-0.03661498689764771,0.22854785861748417,-0.1587374520454783,-0.036614986897648014,0.22854785861748117
-0.15873745204547662,-0.03661498689764771,0.22854785861748417,-0.1587374520454814,-0.036614986897648735,0.22854785861747576
-0.15873745204547662,-0.03661498689764771,0.22854785861748417,-0.15873745204548195,-0.036614986897648874,0.22854785861747473
-0.15873745204547662,-0.03661498689764771,0.22854785861748417,-0.15873745204548123,-0.036614986897648714,0.22854785861747595
-0.15873745204547662,-0.03661498689764771,0.22854785861748417,-0.15873745204548007,-0.03661498689764843,0.22854785861747812
-0.15873745204547662,-0.03661498689764771,0.22854785861748417,-0.15873745204547882,-0.03661498689764814,0.22854785861748034
-0.15873745204547662,-0.03661498689764771,0.22854785861748417,-0.1587374520454778,-0.036614986897647896,0.22854785861748206
-0.15873745204547662,-0.03661498689764771,0.22854785861748417,-0.15873745204547704,-0.03661498689764772,0.2285478586174834
-0.15873745204547662,-0.03661498689764771,0.22854785861748417,-0.1587374520454767,-0.03661498689764765,0.2285478586174841
-0.15873745204547662,-0.03661498689764771,0.22854785861748417,-0.15873745204547646,-0.0366149868976476,0.2285478586174845
-0.15873745204547662,-0.03661498689764771,0.22854785861748417,-0.1587374520454764,-0.03661498689764759,0.22854785861748458
-0.15873745204547662,-0.03661498689764771,0.22854785861748417,-0.1587374520454764,-0.0366149868976476,0.22854785861748453
-0.15873745204547662,-0.03661498689764771,0.22854785861748417,-0.15873745204547643,-0.03661498689764767,0.22854785861748447
-0.15873745204547662,-0.03661498689764771,0.22854785861748417,-0.15873745204547648,-0.03661498689764768,0.2285478586174844
-0.15873745204547662,-0.03661498689764771,0.22854785861748417,-0.15873745204547657,-0.036614986897647694,0.22854785861748422
-0.15873745204547662,-0.03661498689764771,0.22854785861748417,-0.1587374520454766,-0.036614986897647694,0.22854785861748417
-0.15873745204547662,-0.03661498689764771,0.22854785861748417,-0.15873745204547662,-0.03661498689764771,0.22854785861748417
-0.15873745204547662,-0.03661498689764771,0.22854785861748417,-0.15873745204547662,-0.036614986897647715,0.2285478586174841
-0.15873745204547662,-0.03661498689764771,0.22854785861748417,-0.15873745204547662,-0.036614986897647715,0.2285478586174841
-0.15873745204547662,-0.03661498689764771,0.22854785861748417,-0.15873745204547662,-0.036614986897647715,0.2285478586174841
-0.15873745204547662,-0.03661498689764771,0.22854785861748417,-0.15873745204547662,-0.036614986897647715,0.2285478586174841
-0.15873745204547662,-0.03661498689764771,0.22854785861748417,-0.15873745204547662,-0.03661498689764771,0.22854785861748417
-0.15873745204547662,-0.03661498689764771,0.22854785861748417,-0.15873745204547662,-0.03661498689764771,0.22854785861748417
-0.15873745204547662,-0.03661498689764771,0.22854785861748417,-0.15873745204547662,-0.03661498689764771,0.22854785861748417
-0.15873745204547662,-0.03661498689764771,0.22854785861748417,-0.15873745204547662,-0.03661498689764771,0.22854785861748417
-0.15873745204547662,-0.03661498689764771,0.22854785861748417,-0.15873745204547662,-0.03661498689764771,0.22854785861748417
-0.15873745204547662,-0.03661498689764771,0.22854785861748417,-0.15873745204547662,-0.03661498689764771,0.22854785861748417
-0.15873745204547662,-0.03661498689764771,0.22854785861748417,-0.15873745204547662,-0.03661498689764771,0.22854785861748417
-0.15873745204547662,-0.03661498689764771,0.22854785861748417,-0.15873745204547662,-0.03661498689764771,0.22854785861748417
-0.15873745204547662,-0.03661498689764771,0.22854785861748417,-0.15873745204547662,-0.03661498689764771,0.22854785861748417
-0.15873745204547662,-0.03661498689764771,0.22854785861748417,-0.15873745204547662,-0.03661498689764771,0.22854785861748417
-0.15873745204547662,-0.03661498689764771,0.22854785861748417,-0.15873745204547662,-0.03661498689764771,0.22854785861748417
-0.15873745204547662,-0.03661498689764771,0.22854785861748417,-0.15873745204547662,-0.03661498689764771,0.22854785861748417
-0.15873745204547662,-0.03661498689764771,0.22854785861748417,-0.15873745204547662,-0.03661498689764771,0.22854785861748417
-0.15873745204547662,-0.03661498689764771,0.22854785861748417,-0.15873745204547662,-0.03661498689764771,0.22854785861748417
-0.15873745204547662,-0.03661498689764771,0.22854785861748417,-0.15873745204547662,-0.03661498689764771,0.22854785861748417
-0.15873745204547662,-0.03661498689764771,0.22854785861748417,-0.15873745204547662,-0.03661498689764771,0.22854785861748417
-0.15873745204547662,-0.03661498689764771,0.22854785861748417,-0.15873745204547662,-0.03661498689764771,0.22854785861748417
-0.15873745204547662,-0.03661498689764771,0.22854785861748417,-0.15873745204547662,-0.03661498689764771,0.22854785861748417
-0.15873745204547662,-0.03661498689764771,0.22854785861748417,-0.15873745204547662,-0.03661498689764771,0.22854785861748417
-0.15873745204547662,-0.03661498689764771,0.22854785861748417,-0.15873745204547662,-0.03661498689764771,0.22854785861748417
-0.15873745204547662,-0.03661498689764771,0.22854785861748417,-0.15873745204547662,-0.03661498689764771,0.22854785861748417
-0.15873745204547662,-0.03661498689764771,0.22854785861748417,-0.15873745204547662,-0.03661498689764771,0.22854785861748417
-0.15873745204547662,-0.03661498689764771,0.22854785861748417,-0.15873745204547662,-0.03661498689764771,0.22854785861748417
-0.15873745204547662,-0.03661498689764771,0.22854785861748417,-0.15873745204547662,-0.03661498689764771,0.22854785861748417
-0.15873745204547662,-0.03661498689764771,0.22854785861748417,-0.15873745204547662,-0.03661498689764771,0.22854785861748417
-0.15873745204547662,-0.03661498689764771,0.22854785861748417,-0.15873745204547662,-0.03661498689764771,0.22854785861748417
-0.15873745204547662,-0.03661498689764771,0.22854785861748417,-0.15873745204547662,-0.03661498689764771,0.22854785861748417
-0.15873745204547662,-0.03661498689764771,0.22854785861748417,-0.15873745204547662,-0.03661498689764771,0.22854785861748417
-0.15873745204547662,-0.03661498689764771,0.22854785861748417,-0.15873745204547662,-0.03661498689764771,0.22854785861748417
-0.15873745204547662,-0.03661498689764771,0.22854785861748417,-0.15873745204547662,-0.03661498689764771,0.22854785861748417
-0.15873745204547662,-0.03661498689764771,0.22854785861748417,-0.15873745204547662,-0.03661498689764771,0.22854785861748417
-0.15694906914764045,-0.03700828079647625,0.23024772746087693,-0.1586646509709754,-0.03663246219355305,0.22861650687615814
-0.1551424776535973,-0.03738065503937629,0.23192950578458407,-0.15825180434947114,-0.036729529028350694,0.22900603281978854
-0.15331807000612188,-0.03773190492194696,0.23359297615768682,-0.15738164605684832,-0.036927201676732316,0.22982366411466523
-0.15147624271417487,-0.03806183186034426,0.23523792391106615,-0.15608987327673532,-0.037206557934045745,0.23102592845176606
-0.14961739624124962,-0.03837024345274402,0.23686413717173915,-0.15447836614588661,-0.037533720917666075,0.2325048731805304
-0.14774193489260448,-0.03865695353884502,0.23847140689666552,-0.15265890366334267,-0.03787650376897535,0.23414616440598898
-0.14585026670141493,-0.03892178225739412,0.24005952690601975,-0.1507243773630109,-0.038211731043346825,0.23585802105462267
-0.1439428033138855,-0.03916455610171374,0.24162829391591895,-0.14873914373577776,-0.03852603876535704,0.23757932562338197
-0.1420199598733558,-0.0393851079732163,0.24317750757060436,-0.1467405112437239,-0.03881357897159604,0.2392763035458614
-0.14008215490344178,-0.03958327723288724,0.24470697047406742,-0.14474522611119944,-0.03907306314132829,0.24093485498505154
-0.1381298101902462,-0.03975890975072045,0.24621648822111683,-0.1427569476247407,-0.039305344807081546,0.24255271980129398
-0.13616335066368027,-0.03991185795309253,0.24770586942787892,-0.14077257502223836,-0.03951187190158769,0.24413334965909064
-0.1341832042779329,-0.04004198086805931,0.24917492576172662,-0.13878665863769304,-0.039693902251425967,0.24568191597972097
-0.13218980189112756,-0.040149144168560774,0.2506234719706309,-0.13679395428190166,-0.03985223583408216,0.24720315765350329
-0.1301835771442037,-0.04023322021352391,0.2520513259119316,-0.1347905573630913,-0.03998722886642325,0.24870052443250024
-0.12816496633906554,-0.040294088086846536,0.25345830858051704,-0.13277413239091493,-0.04009892052792674,0.25017608557508325
-0.1261344083160342,-0.04033163363425422,0.2548442441364145,-0.13074367542036097,-0.040187173122241654,0.2516307978960646
-0.12409234433064519,-0.040345749498018016,0.2562089599317798,-0.12869911383394578,-0.040251780689963865,0.25306487308904346
-0.1220392179298303,-0.040336335149521084,0.25755228653728496,-0.126640919214192,-0.040292535326797746,0.2544781068916738
-0.11997547482752369,-0.04030329691966783,0.2588740577678986,-0.1245698111411727,-0.040309257753008775,0.2558701178182955
-0.11790156277973385,-0.04024654802712449,0.260174110708053,-0.12248656763971816,-0.040301804378391454,0.2572404926193906
-0.11581793145911963,-0.04016600860438316,0.2614522857361949,-0.12039192604355424,-0.04027006236452956,0.2585888581264679
-0.11372503232911307,-0.04006160572164388,0.2627084265487141,-0.11828654696700922,-0.040213940850895746,0.2599149046544632
-0.11162331851762804,-0.039933273408505304,0.26394238018324817,-0.1161710150136675,-0.04013336291660741,0.261218382901663
-0.10951324469039668,-0.0397809526734615,0.2651539970413551,-0.11404585608802577,-0.040028260078365026,0.26249908992874205
-0.10739526692397341,-0.03960459152119715,0.26634313091055384,-0.11191155846248424,-0.03989856943661656,0.26375685349930705
-0.10526984257844854,-0.0394041449676781,0.2675096389857268,-0.10976859091057434,-0.039744232808993,0.2649915192128757
-0.10313743016991131,-0.039179575053034224,0.2686533818898802,-0.1076174155013588,-0.0395651970218371,0.26620294173977777
-0.10099848924270433,-0.03893085085223036,0.2697742236942605,-0.10545849513270711,-0.03936141467388614,0.2673909798082506
-0.0988534802415104,-0.03865794848352472,0.2708720319378217,-0.10329229699455969,-0.03913284493075704,0.2685554939487466
-0.09670286438331195,-0.03836085111471333,0.27194667764604064,-0.10111929339730444,-0.038879454135387445,0.2696963459435418
-0.09454710352926572,-0.03803954896715895,0.2729980353490778,-0.09893996119508285,-0.038601216179355705,0.27081339914205876
-0.09238666005653168,-0.037694039317606426,0.27402598309927984,-0.09675478066978094,-0.038298112668316585,0.2719065190837508
-0.09022199673009972,-0.03732432649778438,0.2750304024880206,-0.09456423438578515,-0.037970132947760034,0.27297557411817086
-0.08805357657465296,-0.036930421891795115,0.27601117866187924,-0.09236880625228362,-0.037617274054346096,0.2740204358889706
-0.08588186274650988,-0.03651234393129623,0.2769682003381505,-0.09016898085427189,-0.037239540641554464,0.27504097965500907
-0.08370731840568577,-0.03607011808847577,0.2779013598196883,-0.08796524302072455,-0.036836944908679295,0.2760370844735902
-0.08153040658811492,-0.03560377686682657,0.27881055300907465,-0.08575807756363851,-0.03640950654582557,0.2770086332874073
-0.0793515900780728,-0.03511335978972369,0.27969567942211854,-0.08354796912064726,-0.03595725269673416,0.27795551295445603
-0.07717133128084053,-0.034598913386810454,0.2805566422006769,-0.08133540204833664,-0.03548021793565737,0.2788776142502809
-0.07499009209565152,-0.03406049117820002,0.281393348124798,-0.07912086033152732,-0.03497844425271422,0.2797748318610655
-0.07280833378895976,-0.03349815365649918,0.28220570762418673,-0.07690482748959032,-0.034451981042587995,0.2806470643772693
-0.07062651686807135,-0.032911968266662144,0.28299363478898815,-0.0746877864721065,-0.033900885092818245,0.28149421429159593
-0.06844510095517882,-0.03230200938368302,0.28375704737988755,-0.07247021954289812,-0.03332522056945873,0.2823161880017249
-0.06626454466183701,-0.031668358288136286,0.284495866837528,-0.07025260815466877,-0.03272505899910225,0.28311289581674015
-0.06408530546392242,-0.031011103139575336,0.28521001829124204,-0.06803543281743064,-0.03210047924708345,0.283884251965803
-0.06190783957711308,-0.030330338947799365,0.2858994305670966,-0.06581917296361045,-0.0314515674920997,0.2846301746077933
-0.0597326018329295,-0.029626167542000686,0.28656403619525145,-0.06360430681197742,-0.030778417197640184,0.2853505858410006
-0.057560045555375944,-0.028898697537804302,0.28720377141662917,-0.06139131123172997,-0.030081129080600205,0.28604541171231235
-0.05539062243821967,-0.028148044302212794,0.28781857618889634,-0.05918066160744686,-0.029359811077372785,0.28671458222561175
-0.05322478242294702,-0.027374329916469764,0.2884083941917558,-0.056972831705174976,-0.028614578307604208,0.287358031349282
-0.051062973577435805,-0.026577683136856663,0.28897317283154905,-0.05476829353969569,-0.027845553035718902,0.2879756970228001
-0.04890564197537947,-0.025758239353437608,0.28951286324516873,-0.052567517242901485,-0.027052864630257488,0.28856752116245193
-0.04675323157650296,-0.02491614054676805,0.29002742030328127,-0.05037097093320166,-0.026236649521039483,0.2891334496662042
-0.04460618410760596,-0.024051535242583293,0.2905168026128597,-0.048179120585888704,-0.025397051154149152,0.2896734324177684
-0.042464938944471634,-0.023164578464484782,0.29098097251902694,-0.045992429904434425,-0.024534219944739262,0.2901874232898758
-0.04032993299467662,-0.022255431684640545,0.2914198961062087,-0.04381136019271189,-0.023648313227654788,0.2906753801467841
-0.03820160058133924,-0.021324262772519583,0.29183354319859933,-0.04163637022816291,-0.022739495205881526,0.291137264846018
-0.03608037332784087,-0.02037124594167809,0.29222188735993737,-0.039542717174648745,-0.021849268096744166,0.2915595577734593
-0.03574285140558378,-0.02041083854945255,0.29231869826449636,-0.037802354678887845,-0.021131019569545696,0.291899070010655
-0.035405625088359635,-0.0204475264757919,0.29241491915357337,-0.036526916296549895,-0.020654537502271444,0.29214841781262185
-0.03506871625490944,-0.02048131333404287,0.2925105495812025,-0.03566861351341726,-0.020401403814243046,0.29232528744902964
-0.03473214675442228,-0.020512202895341315,0.29260558910415446,-0.03511390778017885,-0.020314010007069165,0.29245309559294846
-0.03439593840541521,-0.020540199088392563,0.29270003728193894,-0.03474389056209601,-0.02032870609791313,0.2925524630958376
-0.03406011299461508,-0.02056530599924377,0.292793893676806,-0.03446366430780767,-0.020392967696591692,0.2926384837155035
-0.03372469227584214,-0.0205875278710487,0.29288715785374886,-0.034210427044954674,-0.020470989334046053,0.29272064686968796
-0.033389697968895085,-0.02060686910382442,0.2929798293805052,-0.033949947905173916,-0.02054259096109853,0.29280389342039626
-0.03305515175843787,-0.02062333425420012,0.2930719078275601,-0.03366856093321428,-0.02059925789762831,0.29289002752544296
-0.03272107529288844,-0.02063692803515807,0.2931633927681466,-0.03336493416074462,-0.02063973261925327,0.29297903923148455
-0.03238749018330924,-0.020647655315766945,0.29325428377824964,-0.03304358912812837,-0.0206663766984111,0.2930701122837566
-0.03205441800229979,-0.020655521120907107,0.29334458043660583,-0.032710667089646234,-0.02068269399524857,0.29316226272876694
-0.03172188028289087,-0.02066053063098813,0.2934342823247071,-0.032371659537620875,-0.020691937716354716,0.293254662546072
-0.0313898985174413,-0.02066268918165854,0.29352338902680203,-0.03203053367174093,-0.02069652529119167,0.29334674631508706
-0.03105849415653615,-0.020662002263507874,0.29361190012989746,-0.031689682433046124,-0.020697954761080394,0.29343819654175196
-0.030727688607887653,-0.0206584755217609,0.293699815223761,-0.031350256709913406,-0.020696970412289406,0.29352887899770774
-0.03039750323523794,-0.020652114755963825,0.29378713390092254,-0.031012594577830097,-0.020693806258082578,0.293618771332851
-0.03006795935726419,-0.020642925919663338,0.29387385575667624,-0.03067659744609531,-0.02068841125208765,0.2937079055010387
-0.029739078246485952,-0.020630915120077448,0.2939599803890824,-0.030341997560254366,-0.020680616095640134,0.29379632974026293
-0.029410881128175092,-0.020616088617758863,0.2940455073989695,-0.030015472660724973,-0.02067502774160863,0.29388145860939485
-0.029310146434185582,-0.02075905476262182,0.2940455073989695,-0.029724596384637557,-0.02069099273040477,0.29395288570675554
-0.02920871678865134,-0.020901528704649584,0.2940455073989695,-0.02948495840900437,-0.020740237844477483,0.29400482486787866
-0.029106594596496862,-0.02104350706574625,0.2940455073989695,-0.029295647815096807,-0.020823231669481745,0.2940376696368515
-0.029003782279067098,-0.021184986479566292,0.2940455073989695,-0.029146863311049466,-0.020934045811688742,0.2940550828375996
-0.028900282274070065,-0.021325963591594284,0.2940455073989695,-0.0290260812452393,-0.021064498425295442,0.2940617162746251
-0.028796097035519053,-0.021466435059224555,0.2940455073989695,-0.02892178023703612,-0.021206777900675156,0.2940618555393688
-0.02869122903367436,-0.02160639755184038,0.2940455073989695,-0.028825110219148808,-0.021354710942014892,0.29405881096283
-0.02858568075498488,-0.021745847750893055,0.2940455073989695,-0.028730202935727048,-0.021504090976826984,0.29405479658684336
-0.028479454702029013,-0.02188478234998034,0.2940455073989695,-0.028633754336453123,-0.021652472379334195,0.29405107431944166
-0.028372553393455336,-0.02202319805492517,0.2940455073989695,-0.028534332274857355,-0.021798737794913203,0.29404820293234124
-0.028264979363922964,-0.022161091583853484,0.2940455073989695,-0.02843168356106331,-0.02194263462051574,0.29404629245492003
-0.028156735164041415,-0.022298459667272227,0.2940455073989695,-0.02832617338392459,-0.022084383533369473,0.29404521343010415
-0.028047823360310108,-0.022435299048146784,0.2940455073989695,-0.028218396071330303,-0.02222439630063962,0.29404474447151635
-0.027938246535057526,-0.022571606481978167,0.2940455073989695,-0.028108943191700812,-0.022363100647635505,0.29404466163987686
-0.02782800728638002,-0.022707378736880092,0.2940455073989695,-0.027998292090879364,-0.022500850916941845,0.29404478242942456
-0.027717108228080125,-0.022842612593655415,0.2940455073989695,-0.027886773961712644,-0.022637897864628748,0.2940449792678786
-0.027605551989604724,-0.02297730484587268,0.2940455073989695,-0.027774586447472355,-0.022774393304732216,0.294045175610861
-0.02749334121598254,-0.02311145229994189,0.2940455073989695,-0.027661825337459055,-0.022910411056509424,0.29404533431732055
-0.027380478567761556,-0.023245051775190415,0.2940455073989695,-0.027548519405721898,-0.023045971977118447,0.29404544448798053
-0.027266966720945862,-0.023378100103938378,0.2940455073989695,-0.02743941293395177,-0.02317544014904486,0.29404551006469964
-0.027266966720945862,-0.023378100103938378,0.2940455073989695,-0.027351881694689273,-0.023278523030594467,0.2940455414581827
-0.027266966720945862,-0.023378100103938378,0.2940455073989695,-0.02729332378592786,-0.023347108814413944,0.29404555024329654
-0.027266966720945862,-0.023378100103938378,0.2940455073989695,-0.027260967729504954,-0.02338490029821437,0.29404554635681207
-0.027266966720945862,-0.023378100103938378,0.2940455073989695,-0.02724773561924012,-0.023400363369924904,0.29404553704613157
-0.027266966720945862,-0.023378100103938378,0.2940455073989695,-0.027246120241954695,-0.023402295077619976,0.29404552687003854
-0.027266966720945862,-0.023378100103938378,0.2940455073989695,-0.02725010700353153,-0.023397695982805874,0.29404551821110625
-0.027266966720945862,-0.023378100103938378,0.2940455073989695,-0.027255716849526934,-0.023391192260204932,0.29404551193944267
-0.027266966720945862,-0.023378100103938378,0.2940455073989695,-0.02726078963857339,-0.02338529967250605,0.29404550802365037
-0.027266966720945862,-0.023378100103938378,0.2940455073989695,-0.02726447348474868,-0.023381014768955766,0.2940455059997483
-0.027266966720945862,-0.023378100103938378,0.2940455073989695,-0.027266698427052278,-0.023378423619515518,0.29404550528168366
-0.027266966720945862,-0.023378100103938378,0.2940455073989695,-0.027267762627173876,-0.023377182095811758,0.29404550533564017
-0.027266966720945862,-0.023378100103938378,0.2940455073989695,-0.027268062816627817,-0.023376829844404715,0.2940455057548865
-0.027266966720945862,-0.023378100103938378,0.2940455073989695,-0.027267950553041855,-0.023376958206617116,0.29404550627198317
-0.027266966720945862,-0.023378100103938378,0.2940455073989695,-0.027267677603848874,-0.023377274250045772,0.2940455067381907
-0.027266966720945862,-0.023378100103938378,0.2940455073989695,-0.02726739384556298,-0.0233776034618269,0.29404550709084426
-0.027266966720945862,-0.023378100103938378,0.2940455073989695,-0.027267169329292833,-0.02337786418033383,0.2940455073210876
-0.027266966720945862,-0.023378100103938378,0.2940455073989695,-0.027267022268380424,-0.023378035071335485,0.2940455074479277
-0.027266966720945862,-0.023378100103938378,0.2940455073989695,-0.0272669433767024,-0.023378126824273704,0.2940455075003061
-0.027266966720945862,-0.023378100103938378,0.2940455073989695,-0.0272669130617747,-0.023378162150883793,0.2940455075064847
-0.027266966720945862,-0.023378100103938378,0.2940455073989695,-0.027266911509370287,-0.023378164048930783,0.29404550748901176
-0.027266966720945862,-0.023378100103938378,0.2940455073989695,-0.027266923282561972,-0.023378150445731705,0.2940455074633613
-0.027266966720945862,-0.023378100103938378,0.2940455073989695,-0.02726693840704903,-0.023378132929230286,0.2940455074386184
-0.027266966720945862,-0.023378100103938378,0.2940455073989695,-0.027266951626328223,-0.0233781176090472,0.2940455074190298
-0.027266966720945862,-0.023378100103938378,0.2940455073989695,-0.027266960999685598,-0.023378106743302145,0.2940455074056797
-0.027266966720945862,-0.023378100103938378,0.2940455073989695,-0.027266966520578667,-0.023378100342940716,0.29404550739790725
-0.027266966720945862,-0.023378100103938378,0.2940455073989695,-0.02726696905640929,-0.023378097403202337,0.2940455073943286
-0.027266966720945862,-0.023378100103938378,0.2940455073989695,-0.02726696967282662,-0.023378096688539886,0.29404550739347174
-0.027266966720945862,-0.023378100103938378,0.2940455073989695,-0.027266969284148793,-0.023378097138720556,0.29404550739410207
-0.027266966720945862,-0.023378100103938378,0.2940455073989695,-0.02726696852986979,-0.023378098012296955,0.2940455073953358
-0.027266966720945862,-0.023378100103938378,0.2940455073989695,-0.02726696778104572,-0.02337809887921693,0.29404550739662816
-0.027266966720945862,-0.023378100103938378,0.2940455073989695,-0.02726696720382202,-0.023378099547080318,0.2940455073977028
-0.027266966720945862,-0.023378100103938378,0.2940455073989695,-0.027266966834381554,-0.02337809997415083,0.2940455073984668
-0.027266966720945862,-0.023378100103938378,0.2940455073989695,-0.027266966642111305,-0.023378100196064153,0.2940455073989343
-0.027266966720945862,-0.023378100103938378,0.2940455073989695,-0.027266966573184226,-0.02337810027528475,0.29404550739916835
-0.027266966720945862,-0.023378100103938378,0.2940455073989695,-0.02726696657546107,-0.02337810027224836,0.29404550739924445
-0.027266966720945862,-0.023378100103938378,0.2940455073989695,-0.027266966609341425,-0.023378100232808917,0.294045507399229
-0.027266966720945862,-0.023378100103938378,0.2940455073989695,-0.027266966649825336,-0.023378100185875397,0.2940455073991721
-0.027266966720945862,-0.023378100103938378,0.2940455073989695,-0.02726696668414523,-0.023378100146178228,0.29404550739910584
-0.027266966720945862,-0.023378100103938378,0.2940455073989695,-0.027266966707934506,-0.023378100118723013,0.2940455073990477
-0.027266966720945862,-0.023378100103938378,0.2940455073989695,-0.02726696672160206,-0.0233781001029982,0.2940455073990045
-0.027266966720945862,-0.023378100103938378,0.2940455073989695,-0.0272669667276181,-0.02337810009611986,0.29404550739897684
-0.027266966720945862,-0.023378100103938378,0.2940455073989695,-0.02726696672882481,-0.023378100094786688,0.29404550739896196
-0.027266966720945862,-0.023378100103938378,0.2940455073989695,-0.02726696672759006,-0.02337810009625576,0.2940455073989562
-0.027266966720945862,-0.023378100103938378,0.2940455073989695,-0.02726696672553313,-0.023378100098656228,0.2940455073989559
-0.027266966720945862,-0.023378100103938378,0.2940455073989695,-0.027266966723569847,-0.02337810010093379,0.2940455073989584
-0.027266966720945862,-0.023378100103938378,0.2940455073989695,-0.027266966722092133,-0.023378100102640683,0.29404550739896174
-0.027266966720945862,-0.023378100103938378,0.2940455073989695,-0.027266966721167026,-0.023378100103704093,0.2940455073989648
-0.027266966720945862,-0.023378100103938378,0.2940455073989695,-0.027266966720699982,-0.02337810010423676,0.2940455073989672
-0.027266966720945862,-0.023378100103938378,0.2940455073989695,-0.02726696672054492,-0.02337810010440953,0.29404550739896884
-0.027266966720945862,-0.023378100103938378,0.2940455073989695,-0.02726696672056555,-0.023378100104380857,0.29404550739896984
-0.027266966720945862,-0.023378100103938378,0.2940455073989695,-0.027266966720660736,-0.023378100104267843,0.2940455073989701
-0.027266966720945862,-0.023378100103938378,0.2940455073989695,-0.02726696672076801,-0.023378100104142333,0.2940455073989702
-0.027266966720945862,-0.023378100103938378,0.2940455073989695,-0.02726696672085651,-0.023378100104039554,0.2940455073989701
-0.027266966720945862,-0.023378100103938378,0.2940455073989695,-0.027266966720916594,-0.02337810010397031,0.29404550739896995
-0.027266966720945862,-0.023378100103938378,0.2940455073989695,-0.02726696672095026,-0.02337810010393182,0.29404550739896984
-0.027266966720945862,-0.023378100103938378,0.2940455073989695,-0.027266966720964434,-0.023378100103915944,0.29404550739896973
-0.027266966720945862,-0.023378100103938378,0.2940455073989695,-0.027266966720966623,-0.023378100103913838,0.2940455073989696
-0.027266966720945862,-0.023378100103938378,0.2940455073989695,-0.027266966720962946,-0.023378100103918466,0.2940455073989695
-0.027266966720945862,-0.023378100103938378,0.2940455073989695,-0.0272669667209574,-0.023378100103925024,0.2940455073989695
-0.027266966720945862,-0.023378100103938378,0.2940455073989695,-0.027266966720952322,-0.02337810010393103,0.2940455073989695
-0.027266966720945862,-0.023378100103938378,0.2940455073989695,-0.027266966720948565,-0.02337810010393538,0.2940455073989695
-0.027266966720945862,-0.023378100103938378,0.2940455073989695,-0.02726696672094627,-0.023378100103938045,0.2940455073989695
-0.027266966720945862,-0.023378100103938378,0.2940455073989695,-0.027266966720945134,-0.02337810010393931,0.2940455073989695
-0.027266966720945862,-0.023378100103938378,0.2940455073989695,-0.0272669667209448,-0.023378100103939668,0.2940455073989695
-0.027266966720945862,-0.023378100103938378,0.2940455073989695,-0.027266966720944884,-0.02337810010393954,0.2940455073989695
-0.027266966720945862,-0.023378100103938378,0.2940455073989695,-0.027266966720945147,-0.023378100103939214,0.2940455073989695
-0.027266966720945862,-0.023378100103938378,0.2940455073989695,-0.02726696672094543,-0.023378100103938884,0.2940455073989695
-0.027266966720945862,-0.023378100103938378,0.2940455073989695,-0.027266966720945668,-0.02337810010393862,0.2940455073989695
-0.027266966720945862,-0.023378100103938378,0.2940455073989695,-0.027266966720945807,-0.023378100103938454,0.2940455073989695
-0.027266966720945862,-0.023378100103938378,0.2940455073989695,-0.027266966720945883,-0.023378100103938353,0.2940455073989695
-0.027266966720945862,-0.023378100103938378,0.2940455073989695,-0.027266966720945925,-0.023378100103938322,0.2940455073989695
-0.027266966720945862,-0.023378100103938378,0.2940455073989695,-0.02726696672094592,-0.023378100103938305,0.2940455073989695
-0.027266966720945862,-0.023378100103938378,0.2940455073989695,-0.027266966720945918,-0.02337810010393833,0.2940455073989695
-0.027266966720945862,-0.023378100103938378,0.2940455073989695,-0.027266966720945893,-0.02337810010393835,0.2940455073989695
-0.027266966720945862,-0.023378100103938378,0.2940455073989695,-0.027266966720945883,-0.023378100103938353,0.2940455073989695
-0.027266966720945862,-0.023378100103938378,0.2940455073989695,-0.027266966720945876,-0.023378100103938374,0.2940455073989695
-0.027266966720945862,-0.023378100103938378,0.2940455073989695,-0.02726696672094587,-0.023378100103938374,0.2940455073989695
-0.027266966720945862,-0.023378100103938378,0.2940455073989695,-0.027266966720945862,-0.023378100103938378,0.2940455073989695
-0.027266966720945862,-0.023378100103938378,0.2940455073989695,-0.027266966720945862,-0.023378100103938378,0.2940455073989695
-0.027266966720945862,-0.023378100103938378,0.2940455073989695,-0.027266966720945862,-0.023378100103938378,0.2940455073989695
-0.027266966720945862,-0.023378100103938378,0.2940455073989695,-0.02726696672094587,-0.023378100103938374,0.2940455073989695
-0.027266966720945862,-0.023378100103938378,0.2940455073989695,-0.02726696672094587,-0.023378100103938374,0.2940455073989695
-0.027266966720945862,-0.023378100103938378,0.2940455073989695,-0.02726696672094587,-0.023378100103938374,0.2940455073989695
-0.027266966720945862,-0.023378100103938378,0.2940455073989695,-0.02726696672094587,-0.023378100103938374,0.2940455073989695
-0.027266966720945862,-0.023378100103938378,0.2940455073989695,-0.02726696672094587,-0.023378100103938374,0.2940455073989695
-0.027266966720945862,-0.023378100103938378,0.2940455073989695,-0.02726696672094587,-0.023378100103938374,0.2940455073989695
-0.027266966720945862,-0.023378100103938378,0.2940455073989695,-0.02726696672094587,-0.023378100103938374,0.2940455073989695
-0.027266966720945862,-0.023378100103938378,0.2940455073989695,-0.02726696672094587,-0.023378100103938374,0.2940455073989695
-0.027266966720945862,-0.023378100103938378,0.2940455073989695,-0.02726696672094587,-0.023378100103938374,0.2940455073989695
-0.027266966720945862,-0.023378100103938378,0.2940455073989695,-0.02726696672094587,-0.023378100103938374,0.2940455073989695
-0.027266966720945862,-0.023378100103938378,0.2940455073989695,-0.02726696672094587,-0.023378100103938374,0.2940455073989695
-0.027266966720945862,-0.023378100103938378,0.2940455073989695,-0.02726696672094587,-0.023378100103938374,0.2940455073989695
-0.027266966720945862,-0.023378100103938378,0.2940455073989695,-0.02726696672094587,-0.023378100103938374,0.2940455073989695
-0.027266966720945862,-0.023378100103938378,0.2940455073989695,-0.02726696672094587,-0.023378100103938374,0.2940455073989695
-0.027266966720945862,-0.023378100103938378,0.2940455073989695,-0.02726696672094587,-0.023378100103938374,0.2940455073989695
-0.027266966720945862,-0.023378100103938378,0.2940455073989695,-0.02726696672094587,-0.023378100103938374,0.2940455073989695
-0.027266966720945862,-0.023378100103938378,0.2940455073989695,-0.02726696672094587,-0.023378100103938374,0.2940455073989695
-0.027266966720945862,-0.023378100103938378,0.2940455073989695,-0.02726696672094587,-0.023378100103938374,0.2940455073989695
-0.027266966720945862,-0.023378100103938378,0.2940455073989695,-0.02726696672094587,-0.023378100103938374,0.2940455073989695
-0.027266966720945862,-0.023378100103938378,0.2940455073989695,-0.02726696672094587,-0.023378100103938374,0.2940455073989695
-0.027266966720945862,-0.023378100103938378,0.2940455073989695,-0.02726696672094587,-0.023378100103938374,0.2940455073989695
-0.024921746998199937,-0.021707339868719276,0.2952297174036853,-0.027186730606931716,-0.023324933413146547,0.29408678742323446
-0.022581313455361587,-0.019981046992007437,0.296357683213858,-0.026716385935205658,-0.02300796478156206,0.29432783709808324
-0.02024754457188802,-0.018199909634717217,0.29742863433715977,-0.0256965326315065,-0.022304318570388493,0.29484397318127203
-0.01792230975463554,-0.016364671443191918,0.2984418336842133,-0.024151383316523268,-0.021206035312498282,0.2956078699116766
-0.015607467473345935,-0.014476131046779405,0.29939657803909286,-0.022196349746180566,-0.019767450450997412,0.2965420273876995
-0.013304863409631443,-0.012535141495754307,0.30029219850836797,-0.019969444559485794,-0.01806661249884335,0.2975607615823708
-0.011016328621436975,-0.01054260964012077,0.301128060948404,-0.017592561339512206,-0.01618109691826879,0.2985935365600539
-0.008743677724943354,-0.008499495449897128,0.30190356637065013,-0.015155990996685194,-0.014174882329289777,0.29959250462302933
-0.006488707095849368,-0.006406811277542072,0.3026181513246537,-0.012717424469843214,-0.012093461558230562,0.3005305947335509
-0.004253193091957366,-0.004265621063253374,0.3032712882585598,-0.010308055856794989,-0.009964500211111822,0.30139580358546564
-0.0020388902989531867,-0.002077039483922941,0.30386248585686515,-0.00794078509944019,-0.007801501890658188,0.3021852163152548
0.00015247019874390505,0.00015776895339562717,0.30439128935521165,-0.005617733232799198,-0.005608417897799941,0.3029003425672803
0.0023191825202239676,0.002437590872600693,0.3048572808320198,-0.0033359118836742436,-0.00338385952621623,0.3035441118676451
0.004459567661606139,0.004761165043262471,0.30526007947677597,-0.0010908873176676132,-0.0011242760939474059,0.3041192738111461
0.006571975139056992,0.007127183447921452,0.30559934183480264,0.0011212265361585788,0.00117401979649512,0.30462776625694726
0.008654784599560688,0.00953429240087739,0.3058747620283559,0.00330295258205867,0.0035138055274181613,0.305070643052078
0.01070640739772942,0.011981093717323942,0.30608607195390997,0.005455346333099707,0.00589659576787532,0.30544825878750104
0.01272528813698269,0.014466145931631608,0.30623304145550234,0.007578243846409562,0.008322703696506072,0.30576052166056084
0.014709906173459176,0.016987965563522733,0.30631547847402985,0.0096706247213885,0.010791495361578085,0.30600711696265503
0.016658777081072978,0.019545028430837896,0.3063332291724,0.011730957193889027,0.013301690038842743,0.3061876654850804
0.018570454076158992,0.022135771007529753,0.3062861780364587,0.01375746717865262,0.01585162500945233,0.30630181631350456
0.020443529400208847,0.02475859182548564,0.30617424795162873,0.01574831932838285,0.018439451584788796,0.3063492890935071
0.022276635659231964,0.0274118529187155,0.3059974002552123,0.01770172192114285,0.02106325954206443,0.30632988426641
0.024068447118337395,0.030093881308411924,0.3057556347643211,0.019615976024109034,0.023721142585607535,0.3062434769870471
0.025817680950169754,0.032802970527329084,0.3054489897794196,0.021489489338892283,0.026411222540876633,0.30609000552232124
0.02752309843589123,0.03553738218189463,0.30507754206347626,0.023320771102091423,0.02913164900086529,0.3058694602049026
0.029183506117450193,0.0382953475504212,0.30464140679673735,0.02510841934155116,0.03188058738103839,0.30558187547567617
0.030797756899930768,0.0410750692157455,0.30414073750715265,0.02685110723221143,0.03465620396437305,0.30522732536578123
0.032364751102835425,0.043874722730588483,0.30357572597649396,0.028547571868533808,0.03745665270866941,0.30480592170836884
0.033883437459203386,0.04669245831388622,0.3029466021222309,0.030196606533115126,0.04028006580347655,0.3043178140648421
0.035352814061531075,0.04952640257631545,0.3022536338552344,0.03179705628856365,0.043124548223573894,0.30376319045893874
0.036771929253514565,0.05237466027319877,0.3014971269134013,0.033347816166341984,0.045988175632965776,0.30314227828323553
0.03813988246669538,0.05523531608294685,0.30067742467130476,0.034847831104963936,0.04886899468538824,0.302455345023929
0.03945582500115201,0.0581064364091676,0.29979490792599106,0.036296096893759566,0.051765024802487805,0.3017026986687249
0.04071896074943937,0.06098607120454193,0.29884999465905954,0.037691661568113766,0.054674260705074196,0.30088468780040933
0.04192854686304155,0.0638722558145458,0.2978431397751763,0.03903362689625475,0.05759467520622556,0.3000017014453134
0.04308389436066622,0.0667630128390728,0.2967748348171893,0.040321149757350405,0.06052422198210941,0.2990541687626921
0.04418436867777243,0.06965635400999257,0.2956456076580238,0.041553443324015935,0.06346083819072591,0.2980425586496906
0.045229390156788424,0.07255028208266255,0.2944560221695553,0.042729778032462626,0.06640244690790727,0.2969673793139477
0.0462184344775403,0.07544279273939365,0.29320667786867105,0.04384948235996695,0.06934695940328073,0.29582917784276425
0.04715103302747853,0.07833187650285722,0.29189820954074375,0.04491194344293899,0.07229227729994131,0.29462853977956216
0.04802677321135498,0.08121552065740965,0.29053128684075713,0.045916607569031806,0.07523629466297416,0.2933660887066473
0.048845298700068804,0.08409171117629978,0.2891066138723387,0.04686298057044454,0.07817690005358756,0.2920424858274463
0.0496063096184678,0.0869584346527197,0.2876249287449644,0.047750628137396584,0.08111197857414235,0.2906584295398022
0.05030956267195574,0.08981368023265268,0.2860870031096191,0.04857917606320686,0.08403941391855138,0.28921465499287097
0.05095487121182638,0.09265544154746821,0.2844936416732076,0.04934831042661325,0.08695709043411479,0.2877119336222411
0.05154210523930892,0.09548171864421731,0.28284568169202395,0.05005777771310647,0.08986289519518523,0.2861510726601342
0.05207119134837951,0.09829051991157978,0.28114399244460186,0.050707384874873404,0.09275472008581465,0.28453291461941366
0.052542112607456525,0.10107986399941814,0.2793894746842822,0.05129699932799765,0.09563046388705668,0.2828583367514357
0.052954908380168766,0.10384778172990443,0.2775830600718439,0.05182654888540707,0.09848803436428301,0.28112825047852263
0.05330967408544815,0.10659231799818691,0.27572571058856066,0.052296021624321794,0.10132535035015214,0.27934360080216797
0.05360656089726741,0.10931153366058077,0.27381841793005507,0.05270546568739183,0.10414034381941883,0.2775053656881049
0.053845775384406866,0.1120035074082758,0.2718622028813376,0.05305498901715561,0.10693096195232205,0.27561455542926006
0.05402757909070326,0.11466633762457062,0.2698581146734261,0.053344759023831914,0.10969516918376063,0.27367221198743225
0.05415228805629362,0.11729814422365807,0.2678072303219559,0.053575002186744804,0.11243094923579376,0.27167940831437787
0.05422027228043724,0.11989707046900965,0.26571065394820004,0.0537460035898866,0.11513630713122343,0.2696372476528546
0.05423195512655708,0.122461284769423,0.26356951608293294,0.05385810639225993,0.11780927118612801,0.2675468628180963
0.054187812670208495,0.124988982450824,0.261384972953579,0.05391171123373417,0.12044789497927598,0.26540941546015123
0.0540883729907448,0.1274783875019376,0.25915820575509974,0.053923095193389434,0.12297555188784035,0.26328359672535934
0.05419035788169298,0.12771875097986768,0.25884586371480317,0.053951436435947714,0.12510313788282224,0.26140801996198487
0.05428879663826376,0.12795075673750964,0.25851921279400925,0.05402555520671863,0.12668530885111778,0.2599324343980573
0.0543837278223282,0.12817449565955585,0.2581782050203454,0.054141346936750906,0.12774806646993955,0.25886606096548725
0.05447519044659346,0.1283900596932536,0.25782279446989975,0.05427931537146585,0.12840052607064575,0.25813508229612553
0.0545632239645716,0.12859754182476263,0.25745293728067636,0.05441906100281563,0.12877175049953726,0.25763607784496595
0.054647868260468226,0.12879703605532467,0.25706859166565715,0.05454696114025947,0.12897594723052025,0.25727086897932944
0.05472916363899179,0.12898863737724495,0.25666971792547233,0.05465755342941705,0.12909844640885443,0.2569630695591076
0.054807150815087156,0.129172441749696,0.25625627846067356,0.05475143738452637,0.12919436845982626,0.2566617947113201
0.05488187090359413,0.12934854607434448,0.2558282377836087,0.05483229519478936,0.12929371450160906,0.25633835687139483
0.05495336540883469,0.12951704817080942,0.25538556252989386,0.054904482289416655,0.12940863839328193,0.2559803008208868
0.05502167621412985,0.12967804675195507,0.25492822146948346,0.05497162445125641,0.12954039967177491,0.25558537864968495
0.05508684557124886,0.12983164139902445,0.2544561855173317,0.05503609637440766,0.12968482257573788,0.2551566855662319
0.0551489160897932,0.12997793253661877,0.2539694277436468,0.055099067169456,0.12983597262832242,0.25469929459478297
0.055207930726517196,0.1301170214075278,0.2534679233837335,0.055160812866536964,0.1299882579881078,0.25421825675274545
0.05526393277458775,0.13024901004741643,0.2529516498474228,0.055221085521306196,0.1301373648652649,0.253717640659924
0.055316965852785324,0.13037400125937335,0.25242058672808554,0.05527942354219318,0.1302804529591602,0.2532002569671477
0.05536707389464868,0.13049209858832636,0.2518747158112306,0.05533536059813058,0.1304159601381233,0.25266776636703503
0.055414301137565264,0.13060340629533018,0.2513140210826815,0.05538853545686937,0.13054325955743862,0.2521209524978672
0.05545869211180994,0.1307080293317325,0.25073848873633386,0.05543872655877315,0.13066231380078885,0.25156002239186775
0.055500291629534314,0.13080607331322305,0.2501481071814896,0.0554823646961776,0.13076520365284444,0.25101018885355636
0.055500291629534314,0.13080607331322305,0.2501481071814896,0.055509199698081074,0.13082815616565657,0.2505653530299932
0.055500291629534314,0.13080607331322305,0.2501481071814896,0.05551917207616778,0.13085128110707955,0.2502682071813422
0.055500291629534314,0.13080607331322305,0.2501481071814896,0.055518007931943496,0.13084820626804622,0.2501065248163217
0.055500291629534314,0.13080607331322305,0.2501481071814896,0.05551180404849724,0.13083334979628364,0.25004361239081724
0.055500291629534314,0.13080607331322305,0.2501481071814896,0.05550492690545644,0.1308170030826722,0.2500397608120555
0.055500291629534314,0.13080607331322305,0.2501481071814896,0.055499684405923,0.13080458377200166,0.2500632533321322
0.055500291629534314,0.13080607331322305,0.2501481071814896,0.055496766357216565,0.13079769092389176,0.2500934875800697
0.055500291629534314,0.13080607331322305,0.2501481071814896,0.05549588874217853,0.1307956322427345,0.25011969252722327
0.055500291629534314,0.13080607331322305,0.2501481071814896,0.0554963610708597,0.1307967643297505,0.250138004351595
0.055500291629534314,0.13080607331322305,0.2501481071814896,0.05549747039077814,0.1307993975712748,0.25014853541033377
0.055500291629534314,0.13080607331322305,0.2501481071814896,0.055498677255176175,0.13080225641274126,0.2501531427996972
0.055500291629534314,0.13080607331322305,0.2501481071814896,0.0554996688351006,0.13080460265831748,0.2501540309491566
0.055500291629534314,0.13080607331322305,0.2501481071814896,0.05550032779308185,0.13080616052882876,0.25015304867897814
0.055500291629534314,0.13080607331322305,0.2501481071814896,0.05550066732012178,0.1308069624621101,0.2501514575379359
0.055500291629534314,0.13080607331322305,0.2501481071814896,0.05550076576344587,0.13080719441669,0.2501499638708361
0.055500291629534314,0.13080607331322305,0.2501481071814896,0.05550071738128109,0.1308070795364909,0.25014886152961374
0.055500291629534314,0.13080607331322305,0.2501481071814896,0.05550060330775131,0.13080680966797387,0.2501481912898567
0.055500291629534314,0.13080607331322305,0.2501481071814896,0.05550047972146396,0.13080651753477515,0.25014787096520014
0.055500291629534314,0.13080607331322305,0.2501481071814896,0.05550037751351387,0.13080627605134154,0.25014778228993817
0.055500291629534314,0.13080607331322305,0.2501481071814896,0.055500307843898505,0.130806111509447,0.25014781828189286
0.055500291629534314,0.13080607331322305,0.2501481071814896,0.055500269389393335,0.13080602072832914,0.2501479018869391
0.055500291629534314,0.13080607331322305,0.2501481071814896,0.05550025479097694,0.13080598629259257,0.2501479874041439
0.055500291629534314,0.13080607331322305,0.2501481071814896,0.05550025524163815,0.13080598738612476,0.2501480538457935
0.055500291629534314,0.13080607331322305,0.2501481071814896,0.05550026311209834,0.13080600598735942,0.25014809621405654
0.055500291629534314,0.13080607331322305,0.2501481071814896,0.05550027300919247,0.13080602936254973,0.25014811786514535
0.055500291629534314,0.13080607331322305,0.2501481071814896,0.05550028181697851,0.13080605015814412,0.2501481251341713
0.055500291629534314,0.13080607331322305,0.2501481071814896,0.05550028822201278,0.1308060652769292,0.25014812422418115
0.055500291629534314,0.13080607331322305,0.2501481071814896,0.0555002920865787,0.13080607439673336,0.25014811983607377
0.055500291629534314,0.13080607331322305,0.2501481071814896,0.055500293883759044,0.1308060786362209,0.25014811490031985
0.055500291629534314,0.13080607331322305,0.2501481071814896,0.05550029428640004,0.13080607958461143,0.2501481108673091
0.055500291629534314,0.13080607331322305,0.2501481071814896,0.055500293921487996,0.13080607872215036,0.25014810818211924
0.055500291629534314,0.13080607331322305,0.2501481071814896,0.055500293259303585,0.1308060771587775,0.2501481067322929
0.055500291629534314,0.13080607331322305,0.2501481071814896,0.05550029259280075,0.1308060755857092,0.25014810617953237
0.055500291629534314,0.13080607331322305,0.2501481071814896,0.055500292065661094,0.1308060743418185,0.2501481061620263
0.055500291629534314,0.13080607331322305,0.2501481071814896,0.05550029171808105,0.13080607352178675,0.2501481063913913
0.055500291629534314,0.13080607331322305,0.2501481071814896,0.05550029153131942,0.13080607308126868,0.25014810667948884
0.055500291629534314,0.13080607331322305,0.2501481071814896,0.05550029146202347,0.1308060729178988,0.2501481069273038
0.055500291629534314,0.13080607331322305,0.2501481071814896,0.055500291464180396,0.130806072923079,0.25014810709922747
0.055500291629534314,0.13080607331322305,0.2501481071814896,0.05550029150032898,0.13080607300841646,0.25014810719669395
0.055500291629534314,0.13080607331322305,0.2501481071814896,0.05550029154515083,0.13080607311418357,0.25014810723763
0.055500291629534314,0.13080607331322305,0.2501481071814896,0.0555002915846008,0.1308060732072555,0.2501481072433037
0.055500291629534314,0.13080607331322305,0.2501481071814896,0.055500291613069096,0.13080607327440857,0.25014810723157505
0.055500291629534314,0.13080607331322305,0.2501481071814896,0.055500291630204764,0.13080607331482264,0.2501481072146164
0.055500291629534314,0.13080607331322305,0.2501481071814896,0.0555002916382588,0.13080607333381294,0.25014810719919195
0.055500291629534314,0.13080607331322305,0.2501481071814896,0.05550029164024944,0.13080607333850205,0.2501481071880352
0.055500291629534314,0.13080607331322305,0.2501481071814896,0.05550029163891691,0.13080607333535466,0.2501481071814089
0.055500291629534314,0.13080607331322305,0.2501481071814896,0.055500291636281576,0.13080607332913646,0.2501481071783873
0.055500291629534314,0.13080607331322305,0.2501481071814896,0.055500291633587204,0.13080607332278052,0.25014810717771474
0.055500291629534314,0.13080607331322305,0.2501481071814896,0.055500291631439984,0.130806073317716,0.2501481071782746
0.055500291629534314,0.13080607331322305,0.2501481071814896,0.05550029163001193,0.13080607331434824,0.2501481071792715
0.055500291629534314,0.13080607331322305,0.2501481071814896,0.055500291629231216,0.1308060733125074,0.2501481071802398
0.055500291629534314,0.13080607331322305,0.2501481071814896,0.05550029162892515,0.130806073311786,0.2501481071809725
0.055500291629534314,0.13080607331322305,0.2501481071814896,0.055500291628909994,0.13080607331175054,0.2501481071814286
0.055500291629534314,0.13080607331322305,0.2501481071814896,0.055500291629036205,0.13080607331204844,0.2501481071816529
0.055500291629534314,0.13080607331322305,0.2501481071814896,0.05550029162920247,0.13080607331244062,0.250148107181719
0.055500291629534314,0.13080607331322305,0.2501481071814896,0.055500291629352154,0.13080607331279367,0.25014810718169705
0.055500291629534314,0.13080607331322305,0.2501481071814896,0.055500291629461976,0.1308060733130526,0.2501481071816396
0.055500291629534314,0.13080607331322305,0.2501481071814896,0.055500291629529366,0.13080607331321145,0.25014810718157876
0.055500291629534314,0.13080607331322305,0.2501481071814896,0.055500291629562284,0.13080607331328914,0.25014810718153035
0.055500291629534314,0.13080607331322305,0.2501481071814896,0.05550029162957186,0.13080607331331162,0.2501481071814987
0.055500291629534314,0.13080607331322305,0.2501481071814896,0.055500291629568335,0.13080607331330332,0.25014810718148195
0.055500291629534314,0.13080607331322305,0.2501481071814896,0.05550029162955937,0.13080607331328223,0.25014810718147595
0.055500291629534314,0.13080607331322305,0.2501481071814896,0.05550029162954977,0.13080607331325955,0.2501481071814763
0.055500291629534314,0.13080607331322305,0.2501481071814896,0.055500291629541926,0.13080607331324104,0.2501481071814795
0.055500291629534314,0.13080607331322305,0.2501481071814896,0.05550029162953658,0.13080607331322852,0.2501481071814832
0.055500291629534314,0.13080607331322305,0.2501481071814896,0.05550029162953358,0.1308060733132214,0.2501481071814864
0.055500291629534314,0.13080607331322305,0.2501481071814896,0.0555002916295323,0.1308060733132184,0.2501481071814886
0.055500291629534314,0.13080607331322305,0.2501481071814896,0.05550029162953211,0.130806073313218,0.2501481071814898
0.055500291629534314,0.13080607331322305,0.2501481071814896,0.055500291629532524,0.1308060733132189,0.25014810718149033
0.055500291629534314,0.13080607331322305,0.2501481071814896,0.055500291629533086,0.13080607331322022,0.2501481071814904
0.055500291629534314,0.13080607331322305,0.2501481071814896,0.05550029162953361,0.13080607331322142,0.2501481071814903
0.055500291629534314,0.13080607331322305,0.2501481071814896,0.05550029162953399,0.1308060733132224,0.25014810718149
0.055500291629534314,0.13080607331322305,0.2501481071814896,0.055500291629534244,0.13080607331322291,0.2501481071814897
0.055500291629534314,0.13080607331322305,0.2501481071814896,0.05550029162953437,0.13080607331322325,0.25014810718148967
0.055500291629534314,0.13080607331322305,0.2501481071814896,0.05550029162953442,0.13080607331322336,0.25014810718148955
0.055500291629534314,0.13080607331322305,0.2501481071814896,0.0555002916295344,0.1308060733132233,0.2501481071814895
0.055500291629534314,0.13080607331322305,0.2501481071814896,0.05550029162953437,0.13080607331322322,0.25014810718148955
0.055500291629534314,0.13080607331322305,0.2501481071814896,0.05550029162953435,0.13080607331322316,0.2501481071814896
0.055500291629534314,0.13080607331322305,0.2501481071814896,0.05550029162953432,0.1308060733132231,0.25014810718148955
0.055500291629534314,0.13080607331322305,0.2501481071814896,0.0555002916295343,0.13080607331322308,0.2501481071814896
0.055500291629534314,0.13080607331322305,0.2501481071814896,0.05550029162953429,0.13080607331322305,0.2501481071814896
0.055500291629534314,0.13080607331322305,0.2501481071814896,0.05550029162953429,0.13080607331322305,0.2501481071814896
0.055500291629534314,0.13080607331322305,0.2501481071814896,0.05550029162953429,0.13080607331322305,0.2501481071814896
0.055500291629534314,0.13080607331322305,0.2501481071814896,0.05550029162953429,0.13080607331322305,0.2501481071814896
0.055500291629534314,0.13080607331322305,0.2501481071814896,0.05550029162953429,0.13080607331322305,0.2501481071814896
0.055500291629534314,0.13080607331322305,0.2501481071814896,0.0555002916295343,0.13080607331322308,0.2501481071814896
0.055500291629534314,0.13080607331322305,0.2501481071814896,0.0555002916295343,0.13080607331322308,0.2501481071814896
0.055500291629534314,0.13080607331322305,0.2501481071814896,0.0555002916295343,0.13080607331322308,0.2501481071814896
0.055500291629534314,0.13080607331322305,0.2501481071814896,0.0555002916295343,0.13080607331322308,0.2501481071814896
0.055500291629534314,0.13080607331322305,0.2501481071814896,0.0555002916295343,0.13080607331322308,0.2501481071814896
0.055500291629534314,0.13080607331322305,0.2501481071814896,0.0555002916295343,0.13080607331322308,0.2501481071814896
0.055500291629534314,0.13080607331322305,0.2501481071814896,0.0555002916295343,0.13080607331322308,0.2501481071814896
0.055500291629534314,0.13080607331322305,0.2501481071814896,0.0555002916295343,0.13080607331322308,0.2501481071814896
0.055500291629534314,0.13080607331322305,0.2501481071814896,0.0555002916295343,0.13080607331322308,0.2501481071814896
0.055500291629534314,0.13080607331322305,0.2501481071814896,0.0555002916295343,0.13080607331322308,0.2501481071814896
0.055500291629534314,0.13080607331322305,0.2501481071814896,0.0555002916295343,0.13080607331322308,0.2501481071814896
0.055500291629534314,0.13080607331322305,0.2501481071814896,0.0555002916295343,0.13080607331322308,0.2501481071814896
0.055500291629534314,0.13080607331322305,0.2501481071814896,0.0555002916295343,0.13080607331322308,0.2501481071814896
0.055500291629534314,0.13080607331322305,0.2501481071814896,0.0555002916295343,0.13080607331322308,0.2501481071814896
0.055500291629534314,0.13080607331322305,0.2501481071814896,0.0555002916295343,0.13080607331322308,0.2501481071814896
0.055500291629534314,0.13080607331322305,0.2501481071814896,0.0555002916295343,0.13080607331322308,0.2501481071814896
0.055500291629534314,0.13080607331322305,0.2501481071814896,0.0555002916295343,0.13080607331322308,0.2501481071814896
0.055500291629534314,0.13080607331322305,0.2501481071814896,0.0555002916295343,0.13080607331322308,0.2501481071814896
0.055500291629534314,0.13080607331322305,0.2501481071814896,0.0555002916295343,0.13080607331322308,0.2501481071814896
0.055500291629534314,0.13080607331322305,0.2501481071814896,0.0555002916295343,0.13080607331322308,0.2501481071814896
0.055500291629534314,0.13080607331322305,0.2501481071814896,0.0555002916295343,0.13080607331322308,0.2501481071814896
0.055500291629534314,0.13080607331322305,0.2501481071814896,0.0555002916295343,0.13080607331322308,0.2501481071814896
0.055500291629534314,0.13080607331322305,0.2501481071814896,0.0555002916295343,0.13080607331322308,0.2501481071814896
0.055500291629534314,0.13080607331322305,0.2501481071814896,0.0555002916295343,0.13080607331322308,0.2501481071814896
0.055500291629534314,0.13080607331322305,0.2501481071814896,0.0555002916295343,0.13080607331322308,0.2501481071814896
0.055500291629534314,0.13080607331322305,0.2501481071814896,0.0555002916295343,0.13080607331322308,0.2501481071814896
0.055500291629534314,0.13080607331322305,0.2501481071814896,0.0555002916295343,0.13080607331322308,0.2501481071814896
0.055500291629534314,0.13080607331322305,0.2501481071814896,0.0555002916295343,0.13080607331322308,0.2501481071814896
0.055500291629534314,0.13080607331322305,0.2501481071814896,0.0555002916295343,0.13080607331322308,0.2501481071814896
0.055500291629534314,0.13080607331322305,0.2501481071814896,0.0555002916295343,0.13080607331322308,0.2501481071814896
0.055500291629534314,0.13080607331322305,0.2501481071814896,0.0555002916295343,0.13080607331322308,0.2501481071814896
0.055500291629534314,0.13080607331322305,0.2501481071814896,0.0555002916295343,0.13080607331322308,0.2501481071814896
0.055500291629534314,0.13080607331322305,0.2501481071814896,0.0555002916295343,0.13080607331322308,0.2501481071814896
0.055500291629534314,0.13080607331322305,0.2501481071814896,0.0555002916295343,0.13080607331322308,0.2501481071814896
0.055500291629534314,0.13080607331322305,0.2501481071814896,0.0555002916295343,0.13080607331322308,0.2501481071814896
0.055500291629534314,0.13080607331322305,0.2501481071814896,0.0555002916295343,0.13080607331322308,0.2501481071814896
0.053953883038641556,0.13143779076457515,0.250472051099757,0.05543361202715485,0.13082901937964386,0.25016431618332075
0.05239914049244677,0.1320483253505302,0.2507881312204656,0.05506005150702523,0.13096182488945232,0.25025280991960364
0.05083636441831845,0.1326375078647385,0.25109635691097454,0.05428298200098037,0.13124413964688528,0.25043112465096923
0.04926585940916313,0.13320517341415078,0.25139673822591824,0.053144381340952465,0.13166073045220056,0.2506829114355183
0.047687934161479165,0.13375116152383826,0.2516892859054217,0.051742021698405125,0.13217121840726823,0.2509802270682496
0.04610290141083104,0.13427531624093242,0.25197401137324016,0.05017769035199281,0.13273222340141988,0.2512969995097691
0.04451107786475339,0.13477748623761898,0.25225092673482435,0.0485323679719358,0.1333087037388068,0.25161470628496224
0.04291278413310072,0.1352575249131289,0.2525200447753112,0.04685947870274325,0.13387708185757735,0.2519229493247021
0.041308344655857185,0.13571529049466036,0.2527813789574402,0.04518796261802238,0.13442393582628046,0.2522175914482955
0.039698087628423015,0.13615064613717254,0.2530349434193966,0.04352917619015255,0.1349431294625045,0.25249831248614313
0.03808234492439672,0.1365634600219898,0.25328075297257974,0.04188400150091391,0.1354329700120768,0.25276655141785687
0.03646145201587117,0.136953605454155,0.2535188230992994,0.040248449493979876,0.13589402651085272,0.2530241495680969
0.0348357478912659,0.1373209609584715,0.25374916995039754,0.03861730923410778,0.13632770870918526,0.25327264866287014
0.03320557497071782,0.13766541037417387,0.25397181034279875,0.036986080765701354,0.1367354759397864,0.2535130561146633
0.03157127901905396,0.1379868429481681,0.25418676175698685,0.035351689763884954,0.13711848400291643,0.25374587719290137
0.029933209056371684,0.13828515342678052,0.25439404233440976,0.033712487570241624,0.13747749519400218,0.25397125851401614
0.028291717266253257,0.13856024214595794,0.25459367087481266,0.03206792769619915,0.13781292105789966,0.25418914559471817
0.026647158901643243,0.13881201511986016,0.2547856668334994,0.030418169555357602,0.13812491389948178,0.2543994071513182
0.02499989218841778,0.13904038412778796,0.254970050318522,0.02876373942983172,0.13841346067031784,0.2546019129141745
0.023350278226676933,0.13924526679938679,0.2551468420878003,0.02710529441642963,0.13867845874640644,0.25479657042850196
0.021698680889791933,0.1394265866980729,0.25531606354617,0.02544348659105504,0.1389197685062456,0.25498333350933383
0.020045466721242366,0.1395842734026242,0.2554777367423609,0.02377890334164527,0.1391372452567142,0.25516219522061384
0.018391004829277018,0.13971826258687928,0.2556318843659053,0.022112055677227592,0.13933075578095766,0.2553331751946756
0.01673566677943516,0.1398284960974936,0.25577852974397647,0.02044339086423124,0.139500184862846,0.2554963072963065
0.015079826484965673,0.13991492202969488,0.255917696838158,0.018773313173029375,0.13964543609437466,0.25565163039655875
0.013423860095184221,0.13997749480098737,0.25604941024114475,0.017102203562575455,0.13976642996618166,0.2557991828314471
0.011768145881807126,0.14001617522275117,0.25617369517337546,0.015430434398315063,0.13986310109086098,0.25593899994747993
0.010113064123304136,0.14003093056968713,0.2562905774795959,0.01375837856508504,0.13993539555235082,0.25607111372067165
0.008458996987313842,0.14002173464705336,0.25640008362535627,0.012086413957009219,0.13998326880996356,0.2561955534764379
0.0068063284111639175,0.13998856785564628,0.25650224069344096,0.010414924835144508,0.14000668425387777,0.25631234698480254
0.005155443980543317,0.13993141725447733,0.2565970763802304,0.008744301435018309,0.14000561234058567,0.2564215214924509
0.003506730806371532,0.13985027662109553,0.25668461899199735,0.007074938843680944,0.13998003017164984,0.2565231044924972
0.0018605773999131473,0.13974514650951056,0.25676489744113806,0.005407235771157991,0.13992992137235213,0.2566171241939529
0.00021737354618656503,0.13961603430566968,0.25683794124233633,0.0037415935215486073,0.1398552761482641,0.2567036097394723
-0.0014224898242833333,0.1394629542804447,0.25690378050866336,0.002078415255769113,0.13975609142894613,0.25678259125096803
-0.0030586207653178635,0.13928592764008255,0.2569624459476135,0.00041810552103557167,0.13963237103863713,0.25685409977991974
-0.0046906264464895995,0.1390849825740807,0.2570139688570751,-0.0012389300248219785,0.13948412585913114,0.25691816722076277
-0.006318113286027639,0.13886015430044135,0.2570583811212373,-0.0028922847709782905,0.13931137396853416,0.2569748262238864
-0.007940687085167784,0.13861148510826646,0.25709571520643587,-0.004541551254733229,0.1391141407516107,0.2570241101261193
-0.009557953163893265,0.1383390243976551,0.25712600415693293,-0.006186321246918017,0.13889245898417202,0.257066052903618
-0.011169516498009296,0.13804282871686124,0.257149281590638,-0.007826185843797588,0.13864636889688636,0.2571006891447136
-0.01277498185749416,0.13772296179667878,0.25716558169476467,-0.009460735574294492,0.13837591822439818,0.25712805403723243
-0.014373953946068828,0.1373794945820162,0.2571749392214275,-0.011089560523350426,0.13808116224482744,0.2571481833645194
-0.015966037541926256,0.13701250526062608,0.25717738948317814,-0.012712250468447005,0.13776216381338283,0.25716111350549775
-0.017550837639559794,0.13662207928895728,0.2571729683484806,-0.014328395025267553,0.13741899339245958,0.25716688143563127
-0.01912795959263043,0.13620830941509712,0.25716171223712725,-0.015937583798913017,0.13705172907947022,0.2571655247270682
-0.020697009257810838,0.13577129569877283,0.2571436581155962,-0.017539406538067907,0.1366604566328476,0.2571570815472954
-0.022257593139544063,0.13531114552838355,0.25711884349234976,-0.019133453290532162,0.1362452694961786,0.2571415906562769
-0.02380931853565346,0.13482797363503407,0.2570873064130747,-0.020719314559326425,0.13580626882018063,0.2571190914023724
-0.0253517936837398,0.13432190210354542,0.2570490854558647,-0.0222965814591004,0.1353435634821643,0.25708962371741695
-0.026884627908300814,0.133793060380414,0.25700421972634735,-0.023864845872844636,0.13485727010265436,0.2570532281113118
-0.028407431768508375,0.13324158527869892,0.2569527488527533,-0.025423700609017764,0.1343475130589123,0.25700994566637847
-0.029919817206576355,0.1326676209798137,0.256894712980931,-0.026972739559201868,0.1338144244951842,0.256959818031638
-0.031421397696653496,0.13207131903220026,0.2568301527693041,-0.028511557856363466,0.13325814432956515,0.2569028874170915
-0.032911788394173004,0.13145283834686827,0.25675910938377744,-0.03003975203374035,0.13267882025742683,0.25683919658802795
-0.034390606285592165,0.13081234518977955,0.2566816244925859,-0.03155692018433468,0.1320766077513789,0.2567687888593524
-0.035857470338452976,0.13015001317106228,0.25659774026109206,-0.03306266212095722,0.13145167005775987,0.25669170808991426
-0.03731200165169489,0.12946602323104048,0.25650749934653,-0.034556579536751286,0.13080417818965182,0.2566079986768145
-0.03875382360615111,0.12876056362306354,0.2564109448926971,-0.03603364439173187,0.13011758556683417,0.256537667945945
-0.0400501260772812,0.1276118488274217,0.25683932960397066,-0.03747515281393654,0.12933111109351642,0.25655653776812426
-0.04132436664924709,0.1264492024931943,0.25726490829191145,-0.038870019116836595,0.12841958060425912,0.25670156732598115
-0.04257638600804873,0.1252730004762438,0.25768767609655174,-0.04021708346686566,0.12739358227380637,0.25696501206412964
-0.04380603094969378,0.12408362055032064,0.2581076282058975,-0.04152061958868397,0.12627876232080662,0.25731782857935714
-0.045013154404143704,0.12288144230972278,0.25852475985599377,-0.042786839969869817,0.12510268271143743,0.25772680032388884
-0.04619761545772175,0.12166684707164764,0.25893906633099045,-0.0440217114372798,0.12388825174000745,0.258163873676664
-0.04735927937397931,0.12044021777826511,0.2593505429632055,-0.04522987339908428,0.12265156530103022,0.2586094449190704
-0.04849801761301803,0.11920193889853217,0.259759185133189,-0.04641433831180637,0.12140226775341459,0.2590520380734624
-0.049613707849263,0.11795239632977553,0.2601649882697855,-0.047576661539728955,0.12014504935296036,0.25948638750676967
-0.05070623398768585,0.11669197729906654,0.26056794785019455,-0.04871732326201311,0.1188813848433041,0.259911213979465
-0.05177548617847386,0.11542107026441185,0.2609680594000326,-0.04983614281504304,0.11761102664009494,0.26032734567939214
-0.05282136083014437,0.11414006481578512,0.2613653184933909,-0.05093262446153865,0.1163330676190892,0.26073640278032995
-0.053843760621101966,0.112849351576023,0.26175972075289633,-0.052006196794929176,0.11504657599172621,0.261140022637
-0.054842594509637535,0.11154932210161184,0.262151261849767,-0.05305634896670709,0.11375089491563731,0.2615394991883524
-0.05581777774236859,0.11024036878338662,0.26253993750387095,-0.05408268709594418,0.11244572224509816,0.2619356901538127
-0.05676923186111983,0.10892288474717036,0.26292574348378095,-0.05508493931260208,0.11113107139959671,0.2623290675439907
-0.05769688470824452,0.10759726375437445,0.2633086756068299,-0.056062934333771575,0.10980718569202266,0.2627198235061571
-0.0586006704303859,0.10626390010258656,0.2636887297391657,-0.057016571427407944,0.10847444954868027,0.2631079790691755
-0.05948052948068115,0.10492318852617152,0.264065901795803,-0.05794579237423561,0.10713331733726536,0.2634934709530048
-0.060336408619406756,0.10357552409690654,0.26444018774067685,-0.058850560239770006,0.10578426558170279,0.2638762096701284
-0.06116826091306836,0.10222130212467766,0.2648115835866933,-0.05973084590510943,0.10442776620965533,0.26425611194060655
-0.0619760457319362,0.1008609180582604,0.26518008539578053,-0.06058662120571166,0.10306427523010928,0.2646331143175922
-0.06275972874602842,0.09949476738620994,0.26554568927893785,-0.0614178567356216,0.10169423094116223,0.2650071752302764
-0.06351928191954548,0.09812324553788457,0.26590839139628447,-0.06222452239165337,0.10031805689749719,0.26537827124938124
-0.06425468350375671,0.0967467477846254,0.2662681879571075,-0.0630065891428039,0.0989361664131598,0.2657463914895709
-0.06496591802834567,0.09536566914111916,0.2666250752199085,-0.06376403102808899,0.09754896678198516,0.26611153235247614
-0.06565297629121399,0.09398040426696563,0.26697904949244916,-0.06449682684783427,0.0961568624380991,0.2664736935531707
-0.0663158553467511,0.09259134736847431,0.267330107131797,-0.06520496135101968,0.0947602569260516,0.2668328755896881
-0.06695455849257291,0.09119889210071595,0.2676782445443686,-0.06588842592729881,0.09335955387667601,0.2671890784199241
-0.06756909525473412,0.08980343146985001,0.26802345818597323,-0.06654721891093555,0.09195515729309402,0.26754230097857995
-0.06815948137141953,0.08840535773575389,0.26836574456185447,-0.06718134562946916,0.09054747143566078,0.26789254118481576
-0.06872573877512064,0.08700506231497722,0.26870510022673244,-0.06779081831457039,0.0891369005252402,0.2682397961744409
-0.06926789557330236,0.0856029356840429,0.2690415217848431,-0.06837565596051431,0.08772384840497785,0.268584062585843
-0.0697859860275671,0.08419936728312223,0.2693750058899783,-0.0689358841822753,0.08630871823406393,0.26892533680941594
-0.07028005053132212,0.08279474542010318,0.2697055492455241,-0.06947153509816541,0.08489191224046375,0.26926361516672
-0.07075013558595754,0.08138945717507741,0.2700331486044984,-0.06998264724360834,0.08347383153238885,0.269598894018872
-0.07119629377554337,0.07998388830527,0.2703578007695871,-0.07046926551239402,0.08205487595582606,0.26993116981910004
-0.07161858374005042,0.078578423150431,0.27067950259318085,-0.07093144111757332,0.08063544398246869,0.2702604391283133
-0.0720170701471078,0.07717344453871708,0.2709982509774086,-0.07136923156377738,0.07921593261440742,0.2705866986103009
-0.07239182366230014,0.07576933369308084,0.2713140428741725,-0.07176731313255706,0.07785736650112177,0.2708946409225326
-0.07239182366230014,0.07576933369308084,0.2713140428741725,-0.0720745766077102,0.07677829425052125,0.2711314080853633
-0.07239182366230014,0.07576933369308084,0.2713140428741725,-0.07227796411513776,0.07606555569798876,0.2712798447213476
-0.07239182366230014,0.07576933369308084,0.2713140428741725,-0.07239350997799182,0.07567869527583561,0.2713533713850941
-0.07239182366230014,0.07576933369308084,0.2713140428741725,-0.0724458449627067,0.0755262798528595,0.2713758703925755
-0.07239182366230014,0.07576933369308084,0.2713140428741725,-0.07245856270570249,0.07551394959314366,0.2713702317234942
-0.07239182366230014,0.07576933369308084,0.2713140428741725,-0.07245041013884759,0.07556731686576326,0.27135346812008543
-0.07239182366230014,0.07576933369308084,0.2713140428741725,-0.07243432534400104,0.07563790858521123,0.27133589639763817
-0.07239182366230014,0.07576933369308084,0.2713140428741725,-0.07241796004640705,0.075699985482798,0.2713223449765502
-0.07239182366230014,0.07576933369308084,0.2713140428741725,-0.07240491798043128,0.07574393059028417,0.27131400253481397
-0.07239182366230014,0.07576933369308084,0.2713140428741725,-0.07239615981855296,0.07576958682950088,0.2713101248737606
-0.07239182366230014,0.07576933369308084,0.2713140428741725,-0.07239121894235831,0.07578109101370538,0.27130927281878936
-0.07239182366230014,0.07576933369308084,0.2713140428741725,-0.07238907173476088,0.075783563392556,0.2713100415598431
-0.07239182366230014,0.07576933369308084,0.2713140428741725,-0.07238865788147389,0.07578139099467512,0.2713113841373411
-0.07239182366230014,0.07576933369308084,0.2713140428741725,-0.0723891260602549,0.07577762224556737,0.27131267268249154
-0.07239182366230014,0.07576933369308084,0.2713140428741725,-0.07238990101798438,0.07577400111651106,0.2713136254144993
-0.07239182366230014,0.07576933369308084,0.2713140428741725,-0.07239065514802843,0.07577128182110192,0.2713141897414843
-0.07239182366230014,0.07576933369308084,0.2713140428741725,-0.0723912429292311,0.07576959798948373,0.27131443316205806
-0.07239182366230014,0.07576933369308084,0.2713140428741725,-0.072391632537853,0.07576877185887984,0.271314463779801
-0.07239182366230014,0.07576933369308084,0.2713140428741725,-0.07239185071225859,0.07576852552974711,0.27131438342870906
-0.07239182366230014,0.07576933369308084,0.2713140428741725,-0.07239194531517655,0.0757685995483712,0.271314267078227
-0.07239182366230014,0.07576933369308084,0.2713140428741725,-0.07239196384918264,0.07576880239477264,0.2713141593866147
-0.07239182366230014,0.07576933369308084,0.2713140428741725,-0.0723919437538298,0.0757690173479352,0.2713140801234349
-0.07239182366230014,0.07576933369308084,0.2713140428741725,-0.07239191009842436,0.07576918846118799,0.2713140325159361
-0.07239182366230014,0.07576933369308084,0.2713140428741725,-0.07239187711757947,0.07576930027092169,0.27131401104796476
-0.07239182366230014,0.07576933369308084,0.2713140428741725,-0.07239185116774902,0.07576935930172092,0.2713140072027755
-0.07239182366230014,0.07576933369308084,0.2713140428741725,-0.07239183370844228,0.07576938061649434,0.27131401291043017
-0.07239182366230014,0.07576933369308084,0.2713140428741725,-0.07239182367128552,0.07576937973485201,0.2713140221125373
-0.07239182366230014,0.07576933369308084,0.2713140428741725,-0.07239181905777856,0.07576936884130872,0.27131403106992036
-0.07239182366230014,0.07576933369308084,0.2713140428741725,-0.07239181785565274,0.0757693558140445,0.27131403799659765
-0.07239182366230014,0.07576933369308084,0.2713140428741725,-0.07239181845698392,0.07576934476211811,0.27131404245086055
-0.07239182366230014,0.07576933369308084,0.2713140428741725,-0.072391819764641,0.07576933712940573,0.27131404474428455
-0.07239182366230014,0.07576933369308084,0.2713140428741725,-0.07239182113602012,0.07576933280657368,0.27131404548985205
-0.07239182366230014,0.07576933369308084,0.2713140428741725,-0.07239182226490944,0.07576933099406591,0.271314045316583
-0.07239182366230014,0.07576933369308084,0.2713140428741725,-0.07239182305966683,0.07576933075513861,0.27131404472711235
-0.07239182366230014,0.07576933369308084,0.2713140428741725,-0.07239182354463385,0.07576933130135018,0.27131404405548454
-0.07239182366230014,0.07576933369308084,0.2713140428741725,-0.07239182379210525,0.07576933209055664,0.2713140434826582
-0.07239182366230014,0.07576933369308084,0.2713140428741725,-0.07239182388187772,0.0757693328165507,0.2713140430766606
-0.07239182366230014,0.07576933369308084,0.2713140428741725,-0.07239182388140876,0.07576933335116129,0.2713140428360915
-0.07239182366230014,0.07576933369308084,0.2713140428741725,-0.0723918238392647,0.07576933367748825,0.2713140427259658
-0.07239182366230014,0.07576933369308084,0.2713140428741725,-0.07239182378587833,0.07576933383405829,0.27131404270222154
-0.07239182366230014,0.07576933369308084,0.2713140428741725,-0.07239182373745845,0.07576933387655743,0.2713140427255391
-0.07239182366230014,0.07576933369308084,0.2713140428741725,-0.07239182370055154,0.07576933385625827,0.27131404276706433
-0.07239182366230014,0.07576933369308084,0.2713140428741725,-0.07239182367600058,0.075769333810994,0.27131404280900384
-0.07239182366230014,0.07576933369308084,0.2713140428741725,-0.07239182366185717,0.07576933376395509,0.27131404284261385
-0.07239182366230014,0.07576933369308084,0.2713140428741725,-0.07239182365525212,0.07576933372637976,0.2713140428653453
-0.07239182366230014,0.07576933369308084,0.2713140428741725,-0.07239182365343061,0.07576933370145142,0.2713140428781798
-0.07239182366230014,0.07576933369308084,0.2713140428741725,-0.07239182365420797,0.07576933368789254,0.2713140428836096
-0.07239182366230014,0.07576933369308084,0.2713140428741725,-0.07239182365607369,0.07576933368262195,0.2713140428843489
-0.07239182366230014,0.07576933369308084,0.2713140428741725,-0.07239182365811295,0.07576933368238986,0.2713140428826646
-0.07239182366230014,0.07576933369308084,0.2713140428741725,-0.07239182365986031,0.0757693336845774,0.2713140428801457
-0.07239182366230014,0.07576933369308084,0.2713140428741725,-0.0723918236611478,0.07576933368743159,0.2713140428777298
-0.07239182366230014,0.07576933369308084,0.2713140428741725,-0.07239182366197934,0.07576933368998559,0.2713140428758491
-0.07239182366230014,0.07576933369308084,0.2713140428741725,-0.07239182366243965,0.07576933369185046,0.2713140428746047
-0.07239182366230014,0.07576933369308084,0.2713140428741725,-0.072391823662637,0.07576933369299185,0.2713140428739171
-0.07239182366230014,0.07576933369308084,0.2713140428741725,-0.0723918236626713,0.07576933369354914,0.2713140428736358
-0.07239182366230014,0.07576933369308084,0.2713140428741725,-0.07239182366262013,0.07576933369371272,0.271314042873607
-0.07239182366230014,0.07576933369308084,0.2713140428741725,-0.07239182366253682,0.07576933369365627,0.2713140428737054
-0.07239182366230014,0.07576933369308084,0.2713140428741725,-0.07239182366245298,0.0757693336935083,0.27131404287384575
-0.07239182366230014,0.07576933369308084,0.2713140428741725,-0.0723918236623841,0.0757693336933486,0.27131404287397815
-0.07239182366230014,0.07576933369308084,0.2713140428741725,-0.072391823662335,0.07576933369321706,0.2713140428740805
-0.07239182366230014,0.07576933369308084,0.2713140428741725,-0.07239182366230464,0.07576933369312654,0.27131404287414795
-0.07239182366230014,0.07576933369308084,0.2713140428741725,-0.0723918236622889,0.07576933369307434,0.2713140428741852
-0.07239182366230014,0.07576933369308084,0.2713140428741725,-0.0723918236622832,0.07576933369305108,0.27131404287420074
-0.07239182366230014,0.07576933369308084,0.2713140428741725,-0.07239182366228357,0.07576933369304634,0.2713140428742025
-0.07239182366230014,0.07576933369308084,0.2713140428741725,-0.07239182366228676,0.07576933369305129,0.2713140428741975
-0.07239182366230014,0.07576933369308084,0.2713140428741725,-0.0723918236622908,0.07576933369305973,0.2713140428741902
-0.07239182366230014,0.07576933369308084,0.2713140428741725,-0.07239182366229452,0.07576933369306811,0.2713140428741832
-0.07239182366230014,0.07576933369308084,0.2713140428741725,-0.07239182366229736,0.07576933369307466,0.27131404287417765
-0.07239182366230014,0.07576933369308084,0.2713140428741725,-0.0723918236622993,0.07576933369307899,0.2713140428741741
-0.07239182366230014,0.07576933369308084,0.2713140428741725,-0.0723918236623004,0.07576933369308143,0.271314042874172
-0.07239182366230014,0.07576933369308084,0.2713140428741725,-0.07239182366230087,0.07576933369308246,0.27131404287417105
-0.07239182366230014,0.07576933369308084,0.2713140428741725,-0.07239182366230099,0.07576933369308259,0.271314042874171
-0.07239182366230014,0.07576933369308084,0.2713140428741725,-0.07239182366230089,0.0757693336930823,0.27131404287417116
-0.07239182366230014,0.07576933369308084,0.2713140428741725,-0.0723918236623007,0.07576933369308186,0.27131404287417155
-0.07239182366230014,0.07576933369308084,0.2713140428741725,-0.07239182366230049,0.07576933369308143,0.2713140428741719
-0.07239182366230014,0.07576933369308084,0.2713140428741725,-0.07239182366230036,0.07576933369308111,0.27131404287417216
-0.07239182366230014,0.07576933369308084,0.2713140428741725,-0.07239182366230021,0.0757693336930809,0.2713140428741724
-0.07239182366230014,0.07576933369308084,0.2713140428741725,-0.07239182366230015,0.0757693336930808,0.2713140428741725
-0.07239182366230014,0.07576933369308084,0.2713140428741725,-0.07239182366230013,0.07576933369308075,0.27131404287417255
-0.07239182366230014,0.07576933369308084,0.2713140428741725,-0.07239182366230008,0.07576933369308075,0.27131404287417255
-0.07239182366230014,0.07576933369308084,0.2713140428741725,-0.07239182366230008,0.07576933369308075,0.27131404287417255
-0.07239182366230014,0.07576933369308084,0.2713140428741725,-0.07239182366230011,0.0757693336930808,0.27131404287417255
-0.07239182366230014,0.07576933369308084,0.2713140428741725,-0.07239182366230013,0.0757693336930808,0.2713140428741725
-0.07239182366230014,0.07576933369308084,0.2713140428741725,-0.07239182366230013,0.07576933369308081,0.2713140428741725
-0.07239182366230014,0.07576933369308084,0.2713140428741725,-0.07239182366230013,0.07576933369308081,0.2713140428741725
-0.07239182366230014,0.07576933369308084,0.2713140428741725,-0.07239182366230015,0.07576933369308084,0.2713140428741725
-0.07239182366230014,0.07576933369308084,0.2713140428741725,-0.07239182366230015,0.07576933369308084,0.2713140428741725
-0.07239182366230014,0.07576933369308084,0.2713140428741725,-0.07239182366230015,0.07576933369308084,0.2713140428741725
-0.07239182366230014,0.07576933369308084,0.2713140428741725,-0.07239182366230015,0.07576933369308084,0.2713140428741725
-0.07239182366230014,0.07576933369308084,0.2713140428741725,-0.07239182366230015,0.07576933369308084,0.2713140428741725
-0.07239182366230014,0.07576933369308084,0.2713140428741725,-0.07239182366230015,0.07576933369308084,0.2713140428741725
-0.07239182366230014,0.07576933369308084,0.2713140428741725,-0.07239182366230015,0.07576933369308084,0.2713140428741725
-0.07239182366230014,0.07576933369308084,0.2713140428741725,-0.07239182366230015,0.07576933369308084,0.2713140428741725
-0.07239182366230014,0.07576933369308084,0.2713140428741725,-0.07239182366230015,0.07576933369308084,0.2713140428741725
-0.07239182366230014,0.07576933369308084,0.2713140428741725,-0.07239182366230015,0.07576933369308084,0.2713140428741725
-0.07239182366230014,0.07576933369308084,0.2713140428741725,-0.07239182366230015,0.07576933369308084,0.2713140428741725
-0.07239182366230014,0.07576933369308084,0.2713140428741725,-0.07239182366230015,0.07576933369308084,0.2713140428741725
-0.07239182366230014,0.07576933369308084,0.2713140428741725,-0.07239182366230015,0.07576933369308084,0.2713140428741725
-0.07239182366230014,0.07576933369308084,0.2713140428741725,-0.07239182366230015,0.07576933369308084,0.2713140428741725
-0.07239182366230014,0.07576933369308084,0.2713140428741725,-0.07239182366230015,0.07576933369308084,0.2713140428741725
-0.07239182366230014,0.07576933369308084,0.2713140428741725,-0.07239182366230015,0.07576933369308084,0.2713140428741725
-0.07151814199241376,0.07441507104545053,0.27200162068886835,-0.07235402131507689,0.07571092568028491,0.271344946423365
-0.07063376665499714,0.07306314609703572,0.27267647557315383,-0.07214226004259694,0.07538371682562459,0.2715166157873973
-0.06973876707043863,0.07171369542795289,0.2733385720673291,-0.07170102422666912,0.07470406123107162,0.27186885997859805
-0.0688332140296046,0.07036685501720859,0.27398787559661386,-0.07105222221858605,0.07371139577172714,0.2723752394503633
-0.06791717968548303,0.06902276022676838,0.27462435247318584,-0.07024922524246066,0.07249461826609535,0.2729843107289048
-0.0669907375446546,0.06768154578572023,0.27524796989815675,-0.06934838751740294,0.07114538547537734,0.27364566638515814
-0.06605396245859065,0.06634334577453099,0.2758586959634832,-0.06839512208136515,0.06973581415828392,0.2743215940626784
-0.06510693061478058,0.06500829360939975,0.27645649965381264,-0.06741975077042373,0.06831277129286278,0.2749890933584267
-0.06414971952768872,0.06367652202670965,0.277041350848266,-0.06643885830126892,0.06690107333705023,0.2756371178687656
-0.06318240802954238,0.06234816306757933,0.277613220322155,-0.06545896628122913,0.06550998341063068,0.27626245037873476
-0.06220507626095238,0.06102334806251721,0.2781720797486353,-0.06448049599808231,0.0641396991980173,0.2768660185881335
-0.06121780566136774,0.05970220761617985,0.2787179017002933,-0.06350098193896668,0.06278634508062512,0.2774503033809753
-0.06022067895936441,0.05838487159223567,0.27925065965067064,-0.06251721123271897,0.061445145977428756,0.2780178454214379
-0.059213780162770596,0.05707146909833724,0.27977032797572093,-0.061526379910989165,0.060112056460758616,0.27857058551627767
-0.05819719454862973,0.05576212847120275,0.28027688195520395,-0.06052653218595136,0.058784322702554966,0.279109724478255
-0.057171008653001884,0.05445697726180937,0.2807702977740123,-0.05951656940093732,0.05746043654786583,0.2796358421398544
-0.05613531026060589,0.05315614222070011,0.2812505525234347,-0.058496058916068974,0.05613982744920603,0.2801491003309866
-0.055090188394302034,0.05185974928340516,0.28171762420235374,-0.05746499448704809,0.05482250770309125,0.28064943332703884
-0.05403573330441895,0.050567923555981394,0.28217149171837663,-0.05642358890836709,0.05350877846302853,0.28113668666039865
-0.052972036457923796,0.049280789300669536,0.28261213488890297,-0.05537212875212348,0.05219903081109302,0.28161069966920793
-0.05189919052743877,0.04799846992167292,0.28303953444212476,-0.05431089081395907,0.05089363540128739,0.28207134337026946
-0.05081728938010447,0.046721087951057505,0.28345367201796307,-0.053240106050067626,0.04959289735808246,0.2825185295520722
-0.04972642806629217,0.04544876503477685,0.28385453016893725,-0.052159953645695825,0.04829705091459027,0.2829522050323432
-0.048626702808166146,0.04418162191882228,0.28424209236096976,-0.051070570349422695,0.04700627315977932,0.28337234079681295
-0.0475182109880978,0.04291977843550092,0.28461634297412464,-0.04997206473600456,0.045720703210715696,0.2837789215298616
-0.04640105113693277,0.04166335348984243,0.28497726730328127,-0.04886453050045614,0.044440459401431445,0.28417193786661954
-0.045275322922113045,0.0404124650461372,0.2853248515587406,-0.047748056277082104,0.043165651609908484,0.2845513817331599
-0.04414112713565474,0.039167230114606016,0.2856590828667686,-0.04662273161383358,0.041896388546790425,0.2849172441879417
-0.04299856568198493,0.03792776473820492,0.2859799492700707,-0.04548864980431183,0.04063278108712221,0.2852695148987508
-0.04184774156563656,0.036694183979564914,0.28628743972820264,-0.044345908616207616,0.03937494304429022,0.28560818247525444
-0.04068875887880562,0.03546660190806966,0.28658154411791553,-0.04319460987496561,0.03812299060665593,0.28593323510361024
-0.039521722788770225,0.03424513158707118,0.2868622532334335,-0.042034858606949006,0.03687704129596481,0.2862446611635224
-0.038346739525174575,0.033029885061246864,0.28712955878666785,-0.04086676216877501,0.03563721294586272,0.28654244968918
-0.03716391636717847,0.031820973344097635,0.28738345340736415,-0.03969042956411334,0.034403622921333185,0.28682659064952293
-0.035973361630475265,0.030618506405590475,0.28762393064318303,-0.03850597099909134,0.03317638762368177,0.2870970750800865
-0.034775184654178615,0.029422593159945075,0.2878509849597172,-0.037313497646159266,0.031955622235751206,0.28735389511638204
-0.03356949578758052,0.02823334145356722,0.28806461174044073,-0.03611312155530727,0.030741440631741196,0.28759704397476077
-0.032356406376782304,0.027050858053130282,0.2882648072865945,-0.03490495565092182,0.029533955379623923,0.2878265159139576
-0.03113602875120037,0.02587524863380583,0.2884515688170047,-0.03368911376619456,0.02833327778228302,0.28804230619688304
-0.029908476209948017,0.024706617767645,0.2886248944678361,-0.032465710684181706,0.027139517924075728,0.28824441106144394
-0.028673863008095827,0.023545068912112155,0.2887847832922804,-0.031234862169554813,0.02595278470646461,0.288432827702237
-0.027432304342811544,0.02239070439877184,0.2889312352601781,-0.029996684985647656,0.024773185867807378,0.288607554261379
-0.026183916339382354,0.021243625422130805,0.28906425125757584,-0.028751296897536218,0.023600827988715586,0.2887685898255398
-0.02492881603712001,0.020103932028636178,0.28918383308621776,-0.027498816664589767,0.02243581648694673,0.28891593442637653
-0.023667121375152162,0.018971723105831166,0.28928998346297186,-0.02623936402642183,0.021278255606055493,0.28904958904229133
-0.022398951178100455,0.017847096371669532,0.2893827060191908,-0.024973059685526135,0.02012824840118845,0.28916955560024465
-0.021124425141648293,0.01673014836399036,0.289462005300008,-0.023700025288846478,0.018985896724255352,0.289275836977016
-0.019843663817998854,0.015620974430153721,0.2895278867635681,-0.022420383409543155,0.017851301209674268,0.28936843699974885
-0.01855678860122708,0.014519668716839424,0.28958035678019284,-0.021134257529484904,0.016724561261153643,0.2894473604458527
-0.01726392171252575,0.013426324160009093,0.2896194226314817,-0.01984177202252336,0.01560577503952331,0.28951261304242687
-0.015965186185348937,0.012341032475033754,0.28964509250934767,-0.018543052138383264,0.014495039451426602,0.28956420146537537
-0.014660705850453565,0.011263884146986786,0.2896573755149888,-0.017238223986929226,0.01339245013863231,0.2896021333383426
-0.013350605320841882,0.010194968421104532,0.2896562816577941,-0.015927414522591082,0.012298101467757637,0.28962641723155597
-0.012035009976606992,0.009134373293415612,0.2896418218541862,-0.014610751528786242,0.011212086520252754,0.28963706266061956
-0.010714045949682689,0.008082185501539142,0.2896140079263978,-0.013288363602244873,0.010134497082563743,0.2896340800852726
-0.009387840108499457,0.0070384905156536705,0.28957285260118615,-0.01196038013718654,0.009065423636430276,0.2896174809081146
-0.008056520042549708,0.006003372529637799,0.2895183695084807,-0.010626931309343318,0.008004955349315952,0.28958727747328766
-0.00672021404686329,0.004976914452383307,0.28945057317996886,-0.009288148059832649,0.0069531800649756115,0.28954348306510624
-0.0053790511063958775,0.003959197899282077,0.28936947904761634,-0.007935711542245604,0.005903897384555434,0.28949142175054865
-0.003786237111016579,0.0027696756303621332,0.2894197543774629,-0.006536918867077857,0.004833033042022206,0.2894510401327999
-0.0021861835024520326,0.0015893599208226077,0.2894524483223969,-0.0050744507355978755,0.0037284171756125986,0.2894313756920248
-0.0005790561158489325,0.0004183749835284592,0.289467558325625,-0.003550032271305223,0.0025920983933096393,0.28942926831173577
0.0010349779952275283,-0.0007431565974583935,0.2894650832054865,-0.001975093963217555,0.001433129655017882,0.2894359818713216
0.002655750580045548,-0.0018951138825144438,0.2894450231555453,-0.00036371992597051747,0.0002622636216574187,0.28944190770458444
0.004283092212134007,-0.00303737759184974,0.28940737974457514,0.0012714398546923855,-0.0009110340345260225,0.28943904546302096
0.005916832310881097,-0.004169830120661239,0.2893521559164364,0.0029208945771875446,-0.0020797778414839395,0.28942182502571767
0.0075567991633017535,-0.005292355554041894,0.2892793559898467,0.004578523611125337,-0.0032395385203084458,0.2893869654054809
0.009202819945970716,-0.006404839681643409,0.2891889856580423,0.006241007607828749,-0.0043879659519132225,0.2893329213647764
0.010854720747118898,-0.007507170012091235,0.2890810519883332,0.007906995926346895,-0.005524144081467933,0.2892592623989496
0.012512326588888581,-0.008599235787148848,0.2889555634215508,0.009576313638012583,-0.00664799621733211,0.2891661547190946
0.014175461449747073,-0.009680927995631066,0.28881252977138705,0.011249346438823242,-0.007759834583625079,0.2890540005934005
0.015843948287052056,-0.010752139387062128,0.2886519622236277,0.012926634147032375,-0.008860069369631022,0.288923225628879
0.017517609059769117,-0.011812764485078927,0.2884738733352773,0.014608645499535307,-0.009949052068274837,0.28877417812575457
0.01919626475133654,-0.012862699600576882,0.28827827703357684,0.016295684711311695,-0.011027013901075817,0.2886071004498868
0.020879735392673952,-0.013901842844595462,0.2880651886149149,0.017987879642594837,-0.01209406152283253,0.28842213900902147
0.022567840085333045,-0.014930094140943524,0.28783462474363175,0.019685211248850056,-0.013150200566244224,0.28821936951765664
0.02426039702478632,-0.01594735523856195,0.2875866034507154,0.02138755680411158,-0.014195367521058886,0.2879988237598435
0.025957223523850232,-0.016953529723620905,0.28732114413239207,0.023094731031178595,-0.015229459083193283,0.2877605113052548
0.02765813603624108,-0.017948523031352116,0.28703826754860895,0.024804497816565692,-0.016255437444640888,0.28750443430687994
0.02930709049260019,-0.019018598650288657,0.28673799582141113,0.02650846352243634,-0.017285769428795044,0.28723059601949674
0.03095375302092246,-0.020087186941116733,0.28642035243321107,0.028201255096793467,-0.01832850375232018,0.28693900467348316
0.03259799484581784,-0.02115420433609148,0.2860853622249525,0.029881826780215583,-0.019385071785770085,0.2866296744359195
0.03423968738120447,-0.022219567390318114,0.28573305139416794,0.03155166721789392,-0.020452944591560634,0.28630262486235336
0.03587870224036467,-0.023283192788277635,0.2853634474929293,0.033213244839867345,-0.021528035708929236,0.28595787979288456
0.03751491124598551,-0.024344997350342498,0.2849765794256939,0.034868973978139595,-0.02260632655401027,0.28559546623891785
0.03914818644018282,-0.02540489803928171,0.28457247744704367,0.03652069190768892,-0.023684690874240293,0.2852154135065163
0.040778400094507665,-0.026462811966754415,0.2841511731593191,0.03816951757654917,-0.024761115930976598,0.2848177526147235
0.0424054247199356,-0.027518656399792334,0.28371269951014805,0.03981593753059194,-0.025834567324712482,0.28440251597076927
0.04402913307683627,-0.028572348767269422,0.28325709078986877,0.04145998817646196,-0.02690470518075787,0.2839697372293053
0.04564939818492471,-0.029623806666359814,0.2827843826288488,0.04310144598543418,-0.02797158966719853,0.28351945126316414
0.04726609333319111,-0.03067294786898146,0.2822946119946978,0.044739979285124486,-0.02903544690602408,0.2830516941890886
0.048879092089810436,-0.031719690328227024,0.2817878171893773,0.046375247163453405,-0.030096516872969083,0.28256650341132217
0.05048826831203003,-0.03276395218478047,0.28126403784620463,0.048006950240016874,-0.031154975534369137,0.2820639176627097
0.0520934961560337,-0.033805651773318006,0.28072331492675423,0.049634846484932146,-0.03221091076742988,0.28154397703485456
0.05369465008678426,-0.03484470762889555,0.28016569071765346,0.051258746402750494,-0.033264329988559445,0.28100672299600404
0.05529160488784002,-0.03588103849331897,0.2795912088272762,0.05287849920654764,-0.03431518159645827,0.28045219839878566
0.056884235671147684,-0.03691456332149903,0.2789999141823323,0.054493977666111665,-0.035363378408979,0.2798804474809641
0.05847241788680871,-0.0379452012877895,0.27839185302435415,0.056105065665082686,-0.03640881689089322,0.27929151586215034
0.06005602733281999,-0.03897287179230782,0.27776707290608055,0.05764476814618873,-0.03740798790867417,0.2787110568834077
0.06005602733281999,-0.03897287179230782,0.27776707290608055,0.05887152504868058,-0.03820410476432054,0.2782361549818828
0.06005602733281999,-0.03897287179230782,0.27776707290608055,0.05968808836978316,-0.03873403873354182,0.27791390000504335
0.06005602733281999,-0.03897287179230782,0.27776707290608055,0.06013801786929117,-0.0390260455489692,0.2777342261826923
0.06005602733281999,-0.03897287179230782,0.27776707290608055,0.06032195986735052,-0.03914543387434956,0.2776603370506957
0.06005602733281999,-0.03897287179230782,0.27776707290608055,0.060344708153425686,-0.0391602084178702,0.2776511798702036
0.06005602733281999,-0.03897287179230782,0.27776707290608055,0.06028970156978736,-0.039124517955454935,0.2776733093807305
0.06005602733281999,-0.03897287179230782,0.27776707290608055,0.06021207303384861,-0.03907414290293795,0.2777045028148893
0.06005602733281999,-0.03897287179230782,0.27776707290608055,0.06014178861206615,-0.03902853153208506,0.27773270695279184
0.06005602733281999,-0.03897287179230782,0.27776707290608055,0.06009070365962599,-0.03899537869849938,0.2777531837952437
0.06005602733281999,-0.03897287179230782,0.27776707290608055,0.06005982581151823,-0.03897533911736188,0.27776555156866234
0.06005602733281999,-0.03897287179230782,0.27776707290608055,0.06004504152086518,-0.0389657437001278,0.27777147083255294
0.06005602733281999,-0.03897287179230782,0.27776707290608055,0.06004085728142204,-0.03896302755869945,0.27777314588660246
0.06005602733281999,-0.03897287179230782,0.27776707290608055,0.06004239927842904,-0.03896402780235592,0.2777725287340349
0.06005602733281999,-0.03897287179230782,0.27776707290608055,0.06004617509265607,-0.03896647793514503,0.2777710173064988
0.06005602733281999,-0.03897287179230782,0.27776707290608055,0.06005010481138855,-0.03896902809967321,0.2777694441302547
0.06005602733281999,-0.03897287179230782,0.27776707290608055,0.06005321568144364,-0.03897104694842783,0.27776819866791874
0.06005602733281999,-0.03897287179230782,0.27776707290608055,0.0600552541157536,-0.038972369863100306,0.27776738251776556
0.06005602733281999,-0.03897287179230782,0.27776707290608055,0.060056348161611824,-0.03897307991086332,0.27776694446495365
0.06005602733281999,-0.03897287179230782,0.27776707290608055,0.06005676902647486,-0.03897335308002471,0.2777667759452765
0.06005602733281999,-0.03897287179230782,0.27776707290608055,0.06005679117709746,-0.03897336748449896,0.2777667670708869
0.06005602733281999,-0.03897287179230782,0.27776707290608055,0.060056628512234894,-0.03897326193761687,0.27776683219808646
0.06005602733281999,-0.03897287179230782,0.27776707290608055,0.06005641926845846,-0.03897312615315435,0.2777669159767134
0.06005602733281999,-0.03897287179230782,0.27776707290608055,0.060056236314943404,-0.03897300742419091,0.2777669892296929
0.06005602733281999,-0.03897287179230782,0.27776707290608055,0.06005610657117509,-0.03897292322347172,0.27776704117827894
0.06005602733281999,-0.03897287179230782,0.27776707290608055,0.060056030149911524,-0.03897287362618177,0.277767071777112
0.06005602733281999,-0.03897287179230782,0.27776707290608055,0.060055995049338486,-0.03897285084469792,0.2777670858314859
0.06005602733281999,-0.03897287179230782,0.27776707290608055,0.06005598651712228,-0.0389728453057553,0.27776708924803456
0.06005602733281999,-0.03897287179230782,0.27776707290608055,0.060055991895044014,-0.03897284879469378,0.27776708709497555
0.06005602733281999,-0.03897287179230782,0.27776707290608055,0.060056002330452024,-0.038972855566332884,0.2777670829168447
0.06005602733281999,-0.03897287179230782,0.27776707290608055,0.060056012687892096,-0.0389728622877603,0.27776707876986023
0.06005602733281999,-0.03897287179230782,0.27776707290608055,0.060056020669044224,-0.03897286746727699,0.2777670755742786
0.06005602733281999,-0.03897287179230782,0.27776707290608055,0.0600560257745518,-0.03897287078069256,0.2777670735300604
0.06005602733281999,-0.03897287179230782,0.27776707290608055,0.0600560284292108,-0.038972872503607335,0.2777670724671359
0.06005602733281999,-0.03897287179230782,0.27776707290608055,0.0600560293785655,-0.03897287311981539,0.27776707208700335
0.06005602733281999,-0.03897287179230782,0.27776707290608055,0.060056029344290746,-0.03897287309764673,0.27776707210071316
0.06005602733281999,-0.03897287179230782,0.27776707290608055,0.06005602887417441,-0.038972872792599186,0.2777670722889357
0.06005602733281999,-0.03897287179230782,0.27776707290608055,0.06005602831376787,-0.03897287242893228,0.277767072513314
0.06005602733281999,-0.03897287179230782,0.27776707290608055,0.06005602783931359,-0.03897287212103047,0.27776707270328055
0.06005602733281999,-0.03897287179230782,0.27776707290608055,0.060056027510863794,-0.0389728719078733,0.2777670728347895
0.06005602733281999,-0.03897287179230782,0.27776707290608055,0.06005602732249844,-0.03897287178562381,0.2777670729102105
0.06005602733281999,-0.03897287179230782,0.27776707290608055,0.060056027239884104,-0.03897287173200362,0.2777670729432897
0.06005602733281999,-0.03897287179230782,0.27776707290608055,0.06005602722363399,-0.038972871721453195,0.277767072949797
0.06005602733281999,-0.03897287179230782,0.27776707290608055,0.060056027240985355,-0.03897287173271076,0.2777670729428502
0.06005602733281999,-0.03897287179230782,0.27776707290608055,0.06005602726956808,-0.03897287175125856,0.2777670729314061
0.06005602733281999,-0.03897287179230782,0.27776707290608055,0.06005602729675506,-0.03897287176890157,0.2777670729205208
0.06005602733281999,-0.03897287179230782,0.27776707290608055,0.060056027317167505,-0.03897287178214866,0.27776707291234776
0.06005602733281999,-0.03897287179230782,0.27776707290608055,0.06005602732991093,-0.03897287179041904,0.2777670729072454
0.06005602733281999,-0.03897287179230782,0.27776707290608055,0.06005602733631539,-0.03897287179457566,0.2777670729046811
0.06005602733281999,-0.03897287179230782,0.27776707290608055,0.06005602733841358,-0.0389728717959376,0.2777670729038409
0.06005602733281999,-0.03897287179230782,0.27776707290608055,0.06005602733809544,-0.038972871795731355,0.2777670729039683
0.06005602733281999,-0.03897287179230782,0.27776707290608055,0.06005602733675952,-0.038972871794864486,0.27776707290450314
0.06005602733281999,-0.03897287179230782,0.27776707290608055,0.06005602733526664,-0.03897287179389568,0.27776707290510094
0.06005602733281999,-0.03897287179230782,0.27776707290608055,0.06005602733404039,-0.03897287179309987,0.2777670729055919
0.06005602733281999,-0.03897287179230782,0.27776707290608055,0.0600560273332115,-0.03897287179256195,0.2777670729059237
0.06005602733281999,-0.03897287179230782,0.27776707290608055,0.06005602733274924,-0.03897287179226194,0.2777670729061088
0.06005602733281999,-0.03897287179230782,0.27776707290608055,0.06005602733255677,-0.03897287179213703,0.2777670729061859
0.06005602733281999,-0.03897287179230782,0.27776707290608055,0.06005602733252947,-0.03897287179211933,0.27776707290619684
0.06005602733281999,-0.03897287179230782,0.27776707290608055,0.060056027332582806,-0.03897287179215388,0.27776707290617547
0.06005602733281999,-0.03897287179230782,0.27776707290608055,0.060056027332660494,-0.0389728717922043,0.27776707290614433
0.06005602733281999,-0.03897287179230782,0.27776707290608055,0.06005602733273163,-0.03897287179225048,0.27776707290611585
0.06005602733281999,-0.03897287179230782,0.27776707290608055,0.060056027332783674,-0.03897287179228425,0.27776707290609504
0.06005602733281999,-0.03897287179230782,0.27776707290608055,0.060056027332815315,-0.03897287179230477,0.2777670729060824
0.06005602733281999,-0.03897287179230782,0.27776707290608055,0.06005602733283072,-0.038972871792314775,0.2777670729060763
0.06005602733281999,-0.03897287179230782,0.27776707290608055,0.060056027332835174,-0.03897287179231766,0.27776707290607444
0.06005602733281999,-0.03897287179230782,0.27776707290608055,0.06005602733283381,-0.03897287179231678,0.277767072906075
0.06005602733281999,-0.03897287179230782,0.27776707290608055,0.06005602733283005,-0.038972871792314366,0.2777670729060765
0.06005602733281999,-0.03897287179230782,0.27776707290608055,0.06005602733282613,-0.03897287179231179,0.2777670729060781
0.06005602733281999,-0.03897287179230782,0.27776707290608055,0.06005602733282296,-0.03897287179230972,0.27776707290607927
0.06005602733281999,-0.03897287179230782,0.27776707290608055,0.06005602733282088,-0.03897287179230838,0.27776707290608016
0.06005602733281999,-0.03897287179230782,0.27776707290608055,0.06005602733281973,-0.038972871792307635,0.2777670729060806
0.06005602733281999,-0.03897287179230782,0.27776707290608055,0.06005602733281923,-0.03897287179230733,0.2777670729060809
0.06005602733281999,-0.03897287179230782,0.27776707290608055,0.06005602733281923,-0.03897287179230733,0.2777670729060809
0.06005602733281999,-0.03897287179230782,0.27776707290608055,0.06005602733281944,-0.038972871792307434,0.2777670729060807
0.06005602733281999,-0.03897287179230782,0.27776707290608055,0.060056027332819624,-0.03897287179230756,0.27776707290608066
0.06005602733281999,-0.03897287179230782,0.27776707290608055,0.06005602733281981,-0.0389728717923077,0.2777670729060805
0.06005602733281999,-0.03897287179230782,0.27776707290608055,0.060056027332819915,-0.03897287179230775,0.27776707290608055
0.06005602733281999,-0.03897287179230782,0.27776707290608055,0.06005602733281999,-0.03897287179230782,0.27776707290608055
0.06005602733281999,-0.03897287179230782,0.27776707290608055,0.06005602733282002,-0.03897287179230784,0.27776707290608055
0.06005602733281999,-0.03897287179230782,0.27776707290608055,0.060056027332820075,-0.03897287179230785,0.2777670729060805
0.06005602733281999,-0.03897287179230782,0.27776707290608055,0.060056027332820075,-0.03897287179230785,0.2777670729060805
0.06005602733281999,-0.03897287179230782,0.27776707290608055,0.06005602733282002,-0.03897287179230784,0.27776707290608055
0.06005602733281999,-0.03897287179230782,0.27776707290608055,0.06005602733281999,-0.03897287179230782,0.27776707290608055
0.06005602733281999,-0.03897287179230782,0.27776707290608055,0.06005602733281999,-0.03897287179230782,0.27776707290608055
0.06005602733281999,-0.03897287179230782,0.27776707290608055,0.06005602733281999,-0.03897287179230782,0.27776707290608055
0.06005602733281999,-0.03897287179230782,0.27776707290608055,0.06005602733281999,-0.03897287179230782,0.27776707290608055
0.06005602733281999,-0.03897287179230782,0.27776707290608055,0.06005602733281999,-0.03897287179230782,0.27776707290608055
0.06005602733281999,-0.03897287179230782,0.27776707290608055,0.06005602733281999,-0.03897287179230782,0.27776707290608055
0.06005602733281999,-0.03897287179230782,0.27776707290608055,0.06005602733281999,-0.03897287179230782,0.27776707290608055
0.06005602733281999,-0.03897287179230782,0.27776707290608055,0.06005602733281999,-0.03897287179230782,0.27776707290608055
0.06005602733281999,-0.03897287179230782,0.27776707290608055,0.06005602733281999,-0.03897287179230782,0.27776707290608055
0.06005602733281999,-0.03897287179230782,0.27776707290608055,0.06005602733281999,-0.03897287179230782,0.27776707290608055
0.06005602733281999,-0.03897287179230782,0.27776707290608055,0.06005602733281999,-0.03897287179230782,0.27776707290608055
0.06005602733281999,-0.03897287179230782,0.27776707290608055,0.06005602733281999,-0.03897287179230782,0.27776707290608055
0.06005602733281999,-0.03897287179230782,0.27776707290608055,0.06005602733281999,-0.03897287179230782,0.27776707290608055
0.06005602733281999,-0.03897287179230782,0.27776707290608055,0.06005602733281999,-0.03897287179230782,0.27776707290608055
0.06005602733281999,-0.03897287179230782,0.27776707290608055,0.06005602733281999,-0.03897287179230782,0.27776707290608055
0.06005602733281999,-0.03897287179230782,0.27776707290608055,0.06005602733281999,-0.03897287179230782,0.27776707290608055
0.06005602733281999,-0.03897287179230782,0.27776707290608055,0.06005602733281999,-0.03897287179230782,0.27776707290608055
0.06005602733281999,-0.03897287179230782,0.27776707290608055,0.06005602733281999,-0.03897287179230782,0.27776707290608055
0.06005602733281999,-0.03897287179230782,0.27776707290608055,0.06005602733281999,-0.03897287179230782,0.27776707290608055
