3.729655473350135e-17,-6.938893903907228e-18,0.31050900000000003,3.729655473350135e-17,-6.938893903907228e-18,0.31050900000000003
-3.97285233704088e-06,0.001001909300151602,0.3105047037105365,-8.798142647151869e-09,5.264431982365814e-05,0.3105089914952226
-1.5890751874789166e-05,0.0020037041908909023,0.3104918151197456,-3.755406305567567e-07,0.00033852650199054854,0.3105086336326373
-3.575172629383767e-05,0.0030052702793323584,0.31047033506040456,-2.8104487809093616e-06,0.0009137949764655498,0.3105062310541047
-6.355248873216209e-05,0.004006493205641252,0.31044026492040666,-1.0312238110187551e-05,0.001729988658389756,0.3104987368351501
-9.928843829041644e-05,0.005007258659552882,0.31040160664265776,-2.572815648774294e-05,0.0027040833262849968,0.3104831352885572
-0.00014295366073928048,0.0060074523968838105,0.3103543627249308,-5.064064373628326e-05,0.0037584152276298587,0.31045759383476057
-0.00019454092942873275,0.007006960256033562,0.3102985362196803,-8.527798049700122e-05,0.0048372635767508255,0.3104216462477981
-0.0002540417063990764,0.008005668174472992,0.31023413073381395,-0.00012906311279059415,0.00590884592211138,0.3103757179262564
-0.0003214461436935492,0.009003462205217687,0.3101611504284241,-0.0001812282130693346,0.006960250371432712,0.3103205307102857
-0.0003967430848723021,0.010000228533283317,0.3100796000184771,-0.00024119447580864695,0.007990428397264361,0.3102566974747596
-0.000479920066727569,0.010995853492121652,0.3099894847724619,-0.00030868920205565043,0.00900403874222349,0.310184561968723
-0.0005709633211996618,0.01199022358003295,0.3098908105119966,-0.000383696331659719,0.010007198173991528,0.3101042105788552
-0.0006698577774934917,0.012983225476552222,0.30978358361139496,-0.00046634571468548154,0.011005152432900647,0.3100155610131243
-0.0007765870643954367,0.013974746058809849,0.30966781099719054,-0.0005568093319266176,0.012001404399355528,0.30991845964616954
-0.0008911335127899278,0.014964672417859575,0.30954350014762044,-0.0006552331534351631,0.012997731845218328,0.30981275374879996
-0.001013478158375636,0.015952891874975745,0.30941065909206705,-0.0007617070739954904,0.01399461655828926,0.3096983303171588
-0.001143600744580555,0.01693929199791253,0.3092692964104598,-0.0008762629659063914,0.014991763107453392,0.309575127053501
-0.0012814797256757555,0.0179237606171279,0.3091194212326356,-0.0009988880242149485,0.01598853523420664,0.30944312590452877
-0.001427092270087191,0.018906185841966083,0.30896104323765705,-0.0011295427504169515,0.016984248684542798,0.3093023390598538
-0.0015804142639049851,0.01988645607679642,0.3087941726530918,-0.001268176854163654,0.017978325712961943,0.30915279443911414
-0.0017414203145898293,0.020864460037108318,0.308618820254249,-0.0014147401036503204,0.018970346472923057,0.3089945244296451
-0.0019100837548756927,0.021840086765557785,0.3084349973633771,-0.0015691878408152454,0.019960038363559307,0.30882755902104053
-0.002086376646868382,0.022813225647963647,0.3082427158488181,-0.001731482333706334,0.020947237546051718,0.3086519228616596
-0.002270269786339125,0.023783766429250397,0.30804198812412437,-0.0019015915977337828,0.02193184559554768,0.3084676350506519
-0.002461732707212812,0.02475159922933772,0.307832827147132,-0.002079487151862419,0.022913793547629797,0.30827471040404647
-0.0026607336862497447,0.025716614558969984,0.30761524641899574,-0.0022651417319406834,0.023893017629376363,0.3080731611982465
-0.0028672397479206167,0.02667870333548834,0.30738925998318184,-0.0024585275068228756,0.024869446138569465,0.3078629987662831
-0.0030812166694735585,0.02763775689853826,0.307154882424422,-0.0026596149660037646,0.025842994718349888,0.3076442346589421
-0.0033026289861926433,0.028593667025712872,0.30691212886762564,-0.002868372412482031,0.0268135668169727,0.3074168813217516
-0.0035314399968470354,0.029546325948129278,0.3066610149767534,-0.0030847658883249203,0.027781056615860444,0.30718095237200965
-0.0037676117693298994,0.030495626365935787,0.30640155695364907,-0.003308759345219864,0.028745352551698824,0.3069364626087203
-0.004011105146485937,0.03144146146374523,0.30613377153683285,-0.0035403149073508565,0.029706340382139294,0.3066834278829887
-0.00426187975212714,0.0323837249259961,0.30585767600025365,-0.003779393126655406,0.03066390537698187,0.30642186492499346
-0.00451989399723527,0.0333223109522358,0.30557328815200235,-0.0040259531802221485,0.031617933616822344,0.30615179118616276
-0.0047851050863504194,0.0342571142723246,0.3052806263329848,-0.004279952996458161,0.032568312580791944,0.3058732247230806
-0.005057469024144549,0.0351880301615595,0.3049797094155555,-0.0045413493186353526,0.033514931263655026,0.3055861841274929
-0.005336940622178795,0.036114954455712375,0.3046705568021121,-0.0048100977238592375,0.03445768003981595,0.3052906884945842
-0.005623473505843876,0.03703778356598406,0.3043531884236493,-0.005086152616416426,0.035396450434336944,0.3049867574172384
-0.005917020121482064,0.03795641449386892,0.3040276247382754,-0.005369467210808573,0.03633113489901696,0.304674410994423
-0.006217531743689839,0.03887074484592948,0.30369388672968817,-0.005659993514599702,0.03726162664053212,0.30435366984463286
-0.0065249584828000265,0.039780672848477874,0.303351995905612,-0.005957682316370309,0.038187819512800696,0.3040245551187103
-0.006839249292542189,0.040686097362162305,0.3030019742961969,-0.006262483180463468,0.03910960796616926,0.30368708850928305
-0.007160351977880152,0.04158691789645637,0.3026438444523779,-0.006574344448003321,0.040026887038012715,0.3033412922561405
-0.007488213203025279,0.04248303462404882,0.3022776294441962,-0.006893213242649394,0.040939552368646354,0.3029871891480544
-0.007822778499624313,0.04337434839513131,0.3019033528590821,-0.0072190354793547264,0.04184750022945312,0.302624802522044
-0.008163992275120567,0.044260760751582584,0.3015210388000986,-0.007551755874659734,0.04275062755430651,0.30225415626111823
-0.00851179782128694,0.04514217394104675,0.30113071188414825,-0.00789131795749425,0.04364883196924328,0.30187527479133
-0.008866137322929703,0.04601849093090304,0.3007323972401407,-0.008237664079898253,0.044542011818265434,0.301488183078695
-0.009226951866761254,0.046889615422125365,0.3003261205071229,-0.008590735427415485,0.04543006618500591,0.30109290662627564
-0.009594181450440824,0.04775545186302931,0.2999119078323713,-0.008950472029139577,0.046312894910948525,0.3006894714715373
-0.009967764991781636,0.04861590546290514,0.2994897858694472,-0.009316812767509378,0.0471903986112132,0.30027790418396644
-0.01034764033812287,0.04947088220553363,0.29905978177621306,-0.009689695387989772,0.048062478688867094,0.2998582318628823
-0.010733744275864997,0.05032028886258321,0.29862192321281344,-0.010069056508765504,0.04892903734849951,0.2994304821353603
-0.011126012540167244,0.05116403300688708,0.2981762383396173,-0.010454831630545102,0.049789977609542,0.29899468315419425
-0.01152437982480529,0.05200202302559677,0.29772275581512425,-0.01084695514653597,0.05064520331959052,0.2985508635958452
-0.011928779792187996,0.052834168133212005,0.2972615047938331,-0.01124536035262179,0.0514946191678283,0.2980990526583464
-0.012339145083531086,0.05366037838448285,0.2967925149240756,-0.011649979457750332,0.05233813069854647,0.29763928005914725
-0.012755407329186735,0.054480564687183874,0.2963158163458112,-0.01206074359452788,0.05317564432471762,0.2971715760328961
-0.013177497159127048,0.055294638814757595,0.29583143968838754,-0.01247758283000937,0.05400706734155824,0.29669597132916314
-0.013605344213580102,0.05610251341882583,0.2953394160682641,-0.012900426176672732,0.05483230794002516,0.2962124972101098
-0.014038877153816187,0.056904102041565464,0.2948397770867002,-0.013329201603567188,0.05565127522020374,0.2957211854481113
-0.014478023673083549,0.057699319127949546,0.29433255482740694,-0.01376383604762733,0.056463879204558594,0.295222068323336
-0.014922710507691095,0.05848808003784921,0.29381778185416374,-0.014204255425147585,0.057270030851032855,0.2947151786212857
-0.015372863448236579,0.059270301057996036,0.2932954912084,-0.014650384643413502,0.0580696420659879,0.2942005496302993
-0.01582840735097875,0.06004589941380295,0.2927657164067409,-0.015102147612487295,0.058862625716981636,0.29367821513901854
-0.01628926614935102,0.06081479328104099,0.2922284914385187,-0.015559467257146402,0.059648895645386994,0.29314820943381986
-0.016755362865615568,0.061576901797371124,0.29168385076325,-0.01602226552897336,0.06042836667885046,0.292610567296208
-0.017226619622655703,0.06233214507372979,0.29113182930807635,-0.01649046341859601,0.06120095464359313,0.2920653240001749
-0.017702957655904385,0.06308044420556422,0.29057246246517293,-0.01696398096807641,0.06196657637655335,0.2915125153095208
-0.018184297325407377,0.06382172128391844,0.29000578608912214,-0.01744273728344685,0.06272514973737109,0.29095217747514024
-0.018670558128019224,0.06455589940636726,0.2894318364942526,-0.017926650547391117,0.0634765936202128,0.2903843472322697
-0.019161658709729613,0.0652829026877959,0.28885065045194563,-0.01841563803206934,0.06422082796543532,0.28980906179770066
-0.01965751687811867,0.06600265627102492,0.2882622651879078,-0.018909616112083694,0.06495777377108612,0.28922635886695586
-0.020158049614938868,0.06671508633727759,0.2876667183794102,-0.01940850027758382,0.06568735310424004,0.28863627661142893
-0.020663173088822092,0.06742012011648985,0.2870640481524942,-0.019912205147508903,0.06640948911216815,0.28803885367548915
-0.021172802668109062,0.06811768589745897,0.28645429307914566,-0.020420644482964743,0.06712410603333889,0.28743412917355055
-0.021686852933799655,0.0688077130378315,0.28583749217443527,-0.020933731200733503,0.0678311292082484,0.2868221426871061
-0.02220523769262226,0.06949013197392813,0.28521368489362753,-0.021451377386913804,0.06853048509007849,0.28620293426172616
-0.022727869990219404,0.07016487423040386,0.28458291112925715,-0.021966355987952213,0.0692398087650014,0.28558432337643325
-0.02315415345337142,0.07148088517165942,0.2841142600957551,-0.022455313697327485,0.07003341617750626,0.2849943208624677
-0.023579519336615316,0.07279406338468844,0.28363691009223335,-0.022912784253864928,0.0709595158166039,0.2844437587919413
-0.024003950783053604,0.07410435682932653,0.2831508800356773,-0.023345999359011514,0.07202250676510037,0.28392654829605257
-0.024427430972820054,0.07541171357973107,0.2826561891870549,-0.023765253567038916,0.0732004411399471,0.2834296759282614
-0.024849943123745718,0.07671608182643759,0.28215285715055427,-0.024179267309275016,0.07446115272557102,0.2829399658941608
-0.025271470492024276,0.07801740987841368,0.2816409038728072,-0.024593643242635473,0.07577292943552831,0.2824474141535028
-0.025691996372875534,0.07931564616510736,0.2811203496420975,-0.02501097513930314,0.07710999429025087,0.2819459726580498
-0.026111504101207442,0.08061073923849074,0.28059121508755774,-0.02543166194907633,0.07845423674370715,0.28143292365171724
-0.02652997705227649,0.08190263777509889,0.2800535211783518,-0.02585485873164297,0.07979469841519933,0.2809077607678576
-0.026947398642346417,0.0831912905780635,0.2795072892228436,-0.026279266516170855,0.08112600742702664,0.2803711262717577
-0.027363752329345736,0.08447664657914254,0.2789525408677528,-0.026703650666930694,0.08244656539048731,0.27982403836427866
-0.027779021613522914,0.08575865484074296,0.2783892980972967,-0.027127095534501676,0.08375694217146236,0.2792674413112745
-0.028193190038100446,0.08703726455794006,0.27781758323231953,-0.027549062264722986,0.08505867133560696,0.2787020138732129
-0.02860624118992699,0.08831242506049064,0.27723741892940745,-0.02796933125333379,0.08635346983024544,0.2781281440468076
-0.029018158700127777,0.089584085814841,0.27664882817999087,-0.028387898573161426,0.087642815079661,0.2775459878857622
-0.029428926244753354,0.09085219642612961,0.27605183430943325,-0.028804872736042857,0.08892777941321194,0.2769555540951715
-0.02983852754542639,0.09211670664018405,0.27544646097610676,-0.029220395366456896,0.09020902369171799,0.2763567808331544
-0.030246946369986906,0.09337756634551278,0.27483273217045495,-0.029634592248471946,0.0914868713411715,0.2757495905625886
-0.030654166533135404,0.09463472557529082,0.27421067221404166,-0.030047551062187115,0.0927614084508745,0.2751339212752391
-0.03106017189707439,0.09588813450933992,0.2735803057585872,-0.03044216893204771,0.09397963660463778,0.2745359347910559
-0.03106017189707439,0.09588813450933992,0.2735803057585872,-0.0307565598779661,0.09495034204227121,0.2740527051128133
-0.03106017189707439,0.09588813450933992,0.2735803057585872,-0.030965822339327057,0.09559653974456557,0.2737276886944143
-0.03106017189707439,0.09588813450933992,0.2735803057585872,-0.03108113042637243,0.09595266514937158,0.27354744354653415
-0.03106017189707439,0.09588813450933992,0.2735803057585872,-0.031128278438539415,0.09609832590175683,0.2734735117046318
-0.03106017189707439,0.09588813450933992,0.2735803057585872,-0.031134119741476562,0.09611642199863951,0.27346435054373214
-0.03106017189707439,0.09588813450933992,0.2735803057585872,-0.031120034660130594,0.09607296783311287,0.27348646750641065
-0.03106017189707439,0.09588813450933992,0.2735803057585872,-0.031100150399781545,0.09601158868381512,0.2735176643831478
-0.03106017189707439,0.09588813450933992,0.2735803057585872,-0.031082145647543497,0.09595600044815922,0.27354588980703504
-0.03106017189707439,0.09588813450933992,0.2735803057585872,-0.031069058590468338,0.09591558983857372,0.27356639262355753
-0.03106017189707439,0.09588813450933992,0.2735803057585872,-0.031061147881158886,0.09589115958499363,0.27357878032293914
-0.03106017189707439,0.09588813450933992,0.2735803057585872,-0.031057359924271454,0.09587945894141979,0.27358471026911796
-0.03106017189707439,0.09588813450933992,0.2735803057585872,-0.031056287474648926,0.09587614390539101,0.27358638856005224
-0.03106017189707439,0.09588813450933992,0.2735803057585872,-0.03105668199699179,0.09587735968143982,0.27358577041741505
-0.03106017189707439,0.09588813450933992,0.2735803057585872,-0.03105764883193179,0.09588034368779358,0.2735842564133021
-0.03106017189707439,0.09588813450933992,0.2735803057585872,-0.03105865517054293,0.09588345045762317,0.27358268062380564
-0.03106017189707439,0.09588813450933992,0.2735803057585872,-0.031059451826571542,0.09588591025939963,0.2735814331697483
-0.03106017189707439,0.09588813450933992,0.2735803057585872,-0.03105997383752308,0.09588752225850208,0.2735806157720461
-0.03106017189707439,0.09588813450933992,0.2735803057585872,-0.031060253996785074,0.0958883875488592,0.27358017708896604
-0.03106017189707439,0.09588813450933992,0.2735803057585872,-0.031060361765097435,0.09588872051841757,0.2735800083556145
-0.03106017189707439,0.09588813450933992,0.2735803057585872,-0.03106036743539737,0.09588873817851944,0.2735799994988671
-0.03106017189707439,0.09588813450933992,0.2735803057585872,-0.031060325785506805,0.09588860966602723,0.2735800647394656
-0.03106017189707439,0.09588813450933992,0.2735803057585872,-0.031060272213819014,0.09588844429430578,0.2735801486451368
-0.03106017189707439,0.09588813450933992,0.2735803057585872,-0.031060225377602446,0.0958882996885191,0.27358022199961535
-0.03106017189707439,0.09588813450933992,0.2735803057585872,-0.03106019216722155,0.09588819713881254,0.27358027401325263
-0.03106017189707439,0.09588813450933992,0.2735803057585872,-0.03106017260926752,0.09588813673766158,0.27358030464489225
-0.03106017189707439,0.09588813450933992,0.2735803057585872,-0.03106016362922737,0.09588810899793516,0.2735803187096664
-0.03106017189707439,0.09588813450933992,0.2735803057585872,-0.031060161449269506,0.09588810225754787,0.27358032212412176
-0.03106017189707439,0.09588813450933992,0.2735803057585872,-0.03106016282849066,0.09588810651017586,0.2735803199639785
-0.03106017189707439,0.09588813450933992,0.2735803057585872,-0.03106016550080259,0.09588811475834051,0.2735803157783531
-0.03106017189707439,0.09588813450933992,0.2735803057585872,-0.031060168152010115,0.09588812294333923,0.2735803116256096
-0.03106017189707439,0.09588813450933992,0.2735803057585872,-0.031060170194274466,0.09588812924926174,0.2735803084265299
-0.03106017189707439,0.09588813450933992,0.2735803057585872,-0.03106017150019691,0.09588813328209843,0.27358030638074265
-0.03106017189707439,0.09588813450933992,0.2735803057585872,-0.031060172178810748,0.09588813537810532,0.27358030531754124
-0.03106017189707439,0.09588813450933992,0.2735803057585872,-0.031060172421114224,0.09588813612681976,0.2735803049378064
-0.03106017189707439,0.09588813450933992,0.2735803057585872,-0.031060172411883982,0.09588813609870457,0.2735803049521337
-0.03106017189707439,0.09588813450933992,0.2735803057585872,-0.031060172291314674,0.09588813572664452,0.27358030514092574
-0.03106017189707439,0.09588813450933992,0.2735803057585872,-0.03106017214779988,0.0958881352836119,0.27358030536571076
-0.03106017189707439,0.09588813450933992,0.2735803057585872,-0.031060172026388305,0.09588813490874949,0.27358030555590623
-0.03106017189707439,0.09588813450933992,0.2735803057585872,-0.03106017194239696,0.09588813464938975,0.27358030568750225
-0.03106017189707439,0.09588813450933992,0.2735803057585872,-0.031060171894272116,0.09588813450076153,0.2735803057629197
-0.03106017189707439,0.09588813450933992,0.2735803057585872,-0.031060171873203403,0.09588813443567595,0.2735803057959511
-0.03106017189707439,0.09588813450933992,0.2735803057585872,-0.031060171869100022,0.09588813442298204,0.2735803058023995
-0.03106017189707439,0.09588813450933992,0.2735803057585872,-0.03106017187357535,0.09588813443678557,0.2735803057954017
-0.03106017189707439,0.09588813450933992,0.2735803057585872,-0.031060171880907487,0.09588813445941739,0.2735803057839221
-0.03106017189707439,0.09588813450933992,0.2735803057585872,-0.031060171887870025,0.09588813448091311,0.27358030577301673
-0.03106017189707439,0.09588813450933992,0.2735803057585872,-0.031060171893091498,0.09588813449703579,0.27358030576483594
-0.03106017189707439,0.09588813450933992,0.2735803057585872,-0.03106017189634707,0.09588813450708959,0.2735803057597335
-0.03106017189707439,0.09588813450933992,0.2735803057585872,-0.031060171897979848,0.09588813451213284,0.27358030575717307
-0.03106017189707439,0.09588813450933992,0.2735803057585872,-0.031060171898511502,0.09588813451377581,0.27358030575633807
-0.03106017189707439,0.09588813450933992,0.2735803057585872,-0.031060171898426338,0.09588813451351384,0.2735803057564699
-0.03106017189707439,0.09588813450933992,0.2735803057585872,-0.03106017189808219,0.09588813451245176,0.2735803057570081
-0.03106017189707439,0.09588813450933992,0.2735803057585872,-0.031060171897699065,0.09588813451126904,0.27358030575760794
-0.03106017189707439,0.09588813450933992,0.2735803057585872,-0.031060171897384987,0.0958881345102993,0.2735803057580998
-0.03106017189707439,0.09588813450933992,0.2735803057585872,-0.03106017189717307,0.09588813450964495,0.2735803057584319
-0.03106017189707439,0.09588813450933992,0.2735803057585872,-0.03106017189705517,0.09588813450928076,0.2735803057586168
-0.03106017189707439,0.09588813450933992,0.2735803057585872,-0.031060171897006317,0.09588813450912985,0.2735803057586936
-0.03106017189707439,0.09588813450933992,0.2735803057585872,-0.031060171896999673,0.09588813450910927,0.27358030575870407
-0.03106017189707439,0.09588813450933992,0.2735803057585872,-0.031060171897013565,0.0958881345091521,0.2735803057586824
-0.03106017189707439,0.09588813450933992,0.2735803057585872,-0.031060171897033577,0.0958881345092139,0.27358030575865117
-0.03106017189707439,0.09588813450933992,0.2735803057585872,-0.031060171897051826,0.09588813450927025,0.2735803057586225
-0.03106017189707439,0.09588813450933992,0.2735803057585872,-0.031060171897065163,0.09588813450931141,0.27358030575860165
-0.03106017189707439,0.09588813450933992,0.2735803057585872,-0.031060171897073257,0.09588813450933639,0.273580305758589
-0.03106017189707439,0.09588813450933992,0.2735803057585872,-0.031060171897077174,0.09588813450934851,0.27358030575858283
-0.03106017189707439,0.09588813450933992,0.2735803057585872,-0.03106017189707831,0.09588813450935203,0.273580305758581
-0.03106017189707439,0.09588813450933992,0.2735803057585872,-0.03106017189707791,0.09588813450935078,0.27358030575858167
-0.03106017189707439,0.09588813450933992,0.2735803057585872,-0.031060171897076935,0.0958881345093478,0.2735803057585831
-0.03106017189707439,0.09588813450933992,0.2735803057585872,-0.03106017189707593,0.09588813450934466,0.27358030575858483
-0.03106017189707439,0.09588813450933992,0.2735803057585872,-0.031060171897075137,0.09588813450934225,0.273580305758586
-0.03106017189707439,0.09588813450933992,0.2735803057585872,-0.031060171897074586,0.09588813450934057,0.27358030575858683
-0.03106017189707439,0.09588813450933992,0.2735803057585872,-0.03106017189707431,0.09588813450933967,0.2735803057585873
-0.03106017189707439,0.09588813450933992,0.2735803057585872,-0.03106017189707419,0.09588813450933928,0.2735803057585875
-0.03106017189707439,0.09588813450933992,0.2735803057585872,-0.031060171897074176,0.09588813450933927,0.27358030575858755
-0.03106017189707439,0.09588813450933992,0.2735803057585872,-0.031060171897074225,0.09588813450933939,0.2735803057585874
-0.03106017189707439,0.09588813450933992,0.2735803057585872,-0.03106017189707428,0.09588813450933956,0.2735803057585873
-0.03106017189707439,0.09588813450933992,0.2735803057585872,-0.031060171897074336,0.09588813450933971,0.2735803057585872
-0.03106017189707439,0.09588813450933992,0.2735803057585872,-0.031060171897074353,0.09588813450933982,0.2735803057585872
-0.03106017189707439,0.09588813450933992,0.2735803057585872,-0.03106017189707437,0.09588813450933986,0.2735803057585872
-0.03106017189707439,0.09588813450933992,0.2735803057585872,-0.03106017189707439,0.09588813450933992,0.2735803057585872
-0.03106017189707439,0.09588813450933992,0.2735803057585872,-0.03106017189707439,0.09588813450933992,0.2735803057585872
-0.03106017189707439,0.09588813450933992,0.2735803057585872,-0.03106017189707439,0.09588813450933992,0.2735803057585872
-0.03106017189707439,0.09588813450933992,0.2735803057585872,-0.03106017189707439,0.09588813450933992,0.2735803057585872
-0.03106017189707439,0.09588813450933992,0.2735803057585872,-0.03106017189707439,0.09588813450933992,0.2735803057585872
-0.03106017189707439,0.09588813450933992,0.2735803057585872,-0.03106017189707439,0.09588813450933992,0.2735803057585872
-0.03106017189707439,0.09588813450933992,0.2735803057585872,-0.03106017189707439,0.09588813450933992,0.2735803057585872
-0.03106017189707439,0.09588813450933992,0.2735803057585872,-0.03106017189707439,0.09588813450933992,0.2735803057585872
-0.03106017189707439,0.09588813450933992,0.2735803057585872,-0.03106017189707439,0.09588813450933992,0.2735803057585872
-0.03106017189707439,0.09588813450933992,0.2735803057585872,-0.03106017189707439,0.09588813450933992,0.2735803057585872
-0.03106017189707439,0.09588813450933992,0.2735803057585872,-0.03106017189707439,0.09588813450933992,0.2735803057585872
-0.03106017189707439,0.09588813450933992,0.2735803057585872,-0.03106017189707439,0.09588813450933992,0.2735803057585872
-0.03106017189707439,0.09588813450933992,0.2735803057585872,-0.03106017189707439,0.09588813450933992,0.2735803057585872
-0.03106017189707439,0.09588813450933992,0.2735803057585872,-0.03106017189707439,0.09588813450933992,0.2735803057585872
-0.03106017189707439,0.09588813450933992,0.2735803057585872,-0.03106017189707439,0.09588813450933992,0.2735803057585872
-0.03106017189707439,0.09588813450933992,0.2735803057585872,-0.03106017189707439,0.09588813450933992,0.2735803057585872
-0.03106017189707439,0.09588813450933992,0.2735803057585872,-0.03106017189707439,0.09588813450933992,0.2735803057585872
-0.03106017189707439,0.09588813450933992,0.2735803057585872,-0.03106017189707439,0.09588813450933992,0.2735803057585872
-0.03106017189707439,0.09588813450933992,0.2735803057585872,-0.03106017189707439,0.09588813450933992,0.2735803057585872
-0.03106017189707439,0.09588813450933992,0.2735803057585872,-0.03106017189707439,0.09588813450933992,0.2735803057585872
-0.03106017189707439,0.09588813450933992,0.2735803057585872,-0.03106017189707439,0.09588813450933992,0.2735803057585872
-0.03106017189707439,0.09588813450933992,0.2735803057585872,-0.03106017189707439,0.09588813450933992,0.2735803057585872
-0.03106017189707439,0.09588813450933992,0.2735803057585872,-0.03106017189707439,0.09588813450933992,0.2735803057585872
-0.03106017189707439,0.09588813450933992,0.2735803057585872,-0.03106017189707439,0.09588813450933992,0.2735803057585872
-0.029601464530454792,0.09388474647670994,0.2750208139112355,-0.03099911587332036,0.09580761287752393,0.27363889047715145
-0.028168341333637895,0.09183937772038284,0.27642808837567107,-0.030655372249257507,0.09535011601169563,0.2739704207294196
-0.026761737424378963,0.08975282131127031,0.27780156875791173,-0.02994044031571844,0.09438166924404826,0.274662627853822
-0.025382572078469917,0.0876258988237149,0.27914070737683666,-0.02889987602755759,0.0929341989119689,0.2756720421257876
-0.02403174793046233,0.08545945983270442,0.28044496956436876,-0.027634254649481087,0.09111291222360024,0.2768999784415289
-0.02271015018811189,0.08325438138609782,0.28171383395864463,-0.026246759185584858,0.08903695585550857,0.27824438836824805
-0.021418645861306512,0.08101156745230526,0.2829467927900021,-0.024817987448357785,0.08680813642314658,0.27962522445001425
-0.020158083006230322,0.07873194834389495,0.28414335215962067,-0.023399924977688974,0.08449910058393842,0.28099069189695886
-0.01892928998549677,0.07641648011761452,0.28530303231065435,-0.022020071854597614,0.0821534509645405,0.28231328674547224
-0.017733074744972387,0.07406614395134634,0.2864253678917007,-0.020689039784315317,0.07979183796692552,0.28358232525365235
-0.01657022410799508,0.07168194549853413,0.2875099082124537,-0.019407827844030487,0.07741977437057915,0.2847967645824323
-0.015441503087672845,0.06926491422063749,0.28855621749139454,-0.018173226082987007,0.0750346375824724,0.28595985840294885
-0.014347654217934897,0.06681610269820279,0.2895638750953752,-0.016981135336961797,0.07263076691986363,0.2870758566593722
-0.013289396903985066,0.06433658592114706,0.2905324757709591,-0.01582820746842011,0.07020253958101344,0.28814835377548836
-0.012267426792791468,0.06182746055888241,0.29146162986738317,-0.014712374630172453,0.06774581567895765,0.2891797310744349
-0.011282415164225533,0.0592898442109223,0.2923509635510152,-0.013632773020145194,0.06525829807088027,0.2901712013712724
-0.010335008343443813,0.0567248746386316,0.29320011901118026,-0.012589421743576685,0.06273930360552427,0.2911231037945068
-0.009425827135085893,0.054133708978803485,0.29400875465723963,-0.011582870725459736,0.06018930844911986,0.29203523834502954
-0.008555466279839347,0.05151752293975896,0.29477654530680697,-0.010613917887602058,0.05760948697833354,0.29290713964952364
-0.007724493933902317,0.04887750998068798,0.29550318236499434,-0.009683422783572865,0.05500134833207778,0.29373826049715285
-0.006933451171850942,0.046214880474962736,0.29618837399458364,-0.008792205701734807,0.05236649786864619,0.2945280735409038
-0.006182851513396375,0.04353086085817144,0.2968318452770262,-0.007941007257520723,0.049706508875771556,0.29527611399665993
-0.005473180474493218,0.040826692761637445,0.2974333383641768,-0.00713048335873352,0.04702287352581514,0.2959819870694143
-0.0048048951432366725,0.038103632132198924,0.2979926126206751,-0.006361216341842984,0.04431700124334584,0.2966453586286343
-0.004178423780962493,0.03536294833904326,0.29850944475689234,-0.005633730204046105,0.04159023926177993,0.29726594103068227
-0.003594165448938069,0.03260592326839666,0.2989836289523653,-0.004948503804180781,0.03884389876911986,0.29784348031769553
-0.0030524896610091114,0.029833850406888355,0.2994149769696488,-0.004305979922234795,0.03607927770522879,0.29837774711096404
-0.0025537360625400235,0.027048033914412593,0.2998033182585179,-0.003706570290033348,0.0332976767992187,0.29886853129171936
-0.0020982141359612754,0.024249787687330774,0.3001485000504621,-0.003150657624957493,0.03050040875015253,0.2993156395915386
-0.001686202933210073,0.02144043441285444,0.3004503874434152,-0.0026385958387138355,0.027688802011216818,0.2997188950132534
-0.0013179508353252135,0.01862130461547094,0.300708863476673,-0.0021707093672174663,0.02486420103631119,0.3000781371790004
-0.0009936753394299467,0.01579373569627131,0.3009238291959553,-0.0017472922409329096,0.022027964622733202,0.30039322299613747
-0.0007135628733097063,0.012959070966051159,0.301095203708573,-0.001368607225356346,0.019181463519733176,0.30066402730491437
-0.0004777686377651874,0.010118658673064176,0.30122292422867125,-0.001034885158398456,0.016326078001153266,0.3008904433695279
-0.00028641647689321443,0.007273851026305367,0.3013069461125197,-0.0007463244951275492,0.013463195729522728,0.30107238319157525
-0.00013959877642125574,0.004426003215214932,0.3013472428838301,-0.0005030910192981757,0.010594209996513275,0.301209777679381
-3.737639019343571e-05,0.0015764724266909332,0.30134380624908763,-0.00030531767014976363,0.007720518294840099,0.3013025767211036
2.0221405121585104e-05,-0.001273383139699406,0.3012966461028862,-0.00015310444152954062,0.004843521127352467,0.30135074920344673
3.3196927057843346e-05,-0.00412220525740945,0.30120579052326224,-4.6518324927997436e-05,0.00196462095752099,0.30135428300462336
1.5840760995739118e-06,-0.006968636658615121,0.30107128575703473,1.4406718671680554e-05,-0.0009147787737526017,0.3013131849773675
-7.455170383855033e-05,-0.00981132201902908,0.30089319619515364,2.9669763842516978e-05,-0.00379327461379623,0.30122748092834084
-0.00019511349315802593,-0.012648908940934758,0.30067160433807516,-6.97096956821068e-07,-0.006669464072080432,0.3010972155946843
-0.00035997299248204974,-0.015480048933548615,0.300406610751182,-7.662879564815242e-05,-0.009541946611772467,0.3009224526159274
-0.0005689706466243259,-0.018303398389817253,0.3000983340102736,-0.00019802735766282853,-0.012409324658561913,0.300703274498886
-0.0008219157964981733,-0.02111761955876687,0.29974691063715847,-0.0003647619997121086,-0.01527020462184242,0.300439782573574
-0.0011185868588153942,-0.023921381512519383,0.299352495025385,-0.0005766692572496536,-0.018123197922140212,0.30013209693886
-0.0014587315333972695,-0.02671336110710004,0.29891525935615426,-0.0008335531420408967,-0.020966922019299894,0.29978035639726014
-0.001842067037893102,-0.0294922439361663,0.2984353935044605,-0.0011351853298213472,-0.023800001437218964,0.2993847183787141
-0.002268280369674451,-0.03225672527679186,0.2979131049355174,-0.0014813053777902097,-0.026621068782240125,0.29894535885345375
-0.0027370285946474596,-0.03500551102645217,0.2973486185915253,-0.0018716209715882177,-0.029428765753329943,0.298462472234168
-0.003247939162698168,-0.03773731863036252,0.296742176768847,-0.002305808201390325,-0.03222174414285622,0.2979362712676776
-0.003800610249460818,-0.040450877998330415,0.2960940389856619,-0.002783511866753749,-0.0349986668271326,0.2973669869162967
-0.004394611124072569,-0.043144932410297064,0.2954044818401748,-0.003304345809875808,-0.037758208746056704,0.29675486822901515
-0.0050294825425530746,-0.04581823940974755,0.2946737988594603,-0.003867893276916322,-0.04049905787117742,0.29610018220260037
-0.005704737166422353,-0.0484695716841904,0.2939023003390296,-0.004473707307029213,-0.04321991616149722,0.2954032136327025
-0.006419860006145155,-0.05109771793190758,0.2930903131732139,-0.00512131114872477,-0.04591950050625278,0.29466426495503395
-0.007174308888966708,-0.05370148371420444,0.29223818067645824,-0.005810198703157114,-0.04859654365387873,0.2938836560767041
-0.0079675149506803,-0.05627969229238901,0.2913462623956322,-0.006539834993899856,-0.05124979512632648,0.2930617241977963
-0.008798883150844242,-0.05883118544873647,0.29041493391346274,-0.007309656662743157,-0.05387802211790314,0.2921988236232806
-0.009667792810941656,-0.06135482429070092,0.28944458664320366,-0.008119072491016645,-0.05648001037780004,0.2912953255653705
-0.010573598174956868,-0.06384949003766129,0.28843562761465913,-0.008967463945914115,-0.059054565075488404,0.2903516179364394
-0.011515628991816913,-0.06631408478949992,0.28738847925168476,-0.009854185751272124,-0.061600511648186335,0.2893681051326148
-0.01249319111912897,-0.06874753227633278,0.2863035791412931,-0.01077856648222834,-0.06411669662961357,0.28834520780818373
-0.013505567147620606,-0.07114877858872572,0.28518137979449787,-0.01173990918316395,-0.06660198845928,0.2872833626409381
-0.014552017045671727,-0.07351679288775724,0.2840223483990334,-0.012737492008309727,-0.06905527827156896,0.28618302208860236
-0.015631778823307515,-0.0758505680942973,0.28282696656409145,-0.013770568884375403,-0.07147548066390441,0.2850446541364845
-0.016744069215001715,-0.0781491215569036,0.28159573005722277,-0.014838370194538292,-0.07386153444330751,0.2838687420365016
-0.017888084380622386,-0.08041149569774977,0.2803291485335543,-0.015940103483108214,-0.07621240335067436,0.2826557840377294
-0.019063000623834155,-0.08263675863602331,0.2790277452574783,-0.017074954180163034,-0.07852707676212564,0.2814062931086388
-0.020267975127255172,-0.08482400478825651,0.27769205681697157,-0.018242086345432288,-0.0808045703668055,0.28012079665117723
-0.021502146703649652,-0.08697235544507134,0.2763226328307119,-0.01944064343068397,-0.08304392682052529,0.2787998362068666
-0.022764636562421673,-0.08908095932384545,0.2749200356481585,-0.020669749059855018,-0.08524421637467883,0.2774439671550883
-0.0240545490906629,-0.09114899309683061,0.27348484004276774,-0.02192850782614484,-0.08740453747987251,0.2760537584037325
-0.025370972647990337,-0.09317566189427517,0.27201763289852404,-0.023216006105278318,-0.0895240173637475,0.2746297920723931
-0.026712980374399353,-0.09516019978213151,0.27051901288996194,-0.024531312884125175,-0.09160181258248784,0.27317266316829547
-0.028079631010343824,-0.09710187021395118,0.2689895901558668,-0.02587348060385131,-0.09363710954554408,0.2716829792551454
-0.029469969728243485,-0.09899996645659505,0.26742998596683965,-0.027241546016760147,-0.09562912501312049,0.2701613601150952
-0.030883028974609286,-0.10085381198941604,0.26584083238691864,-0.02863453105597186,-0.09757710656600785,0.2686084374040236
-0.03231782932196518,-0.10266276087659112,0.2642227719294501,-0.030017909682918103,-0.09948805872562028,0.2670271347184064
-0.03293346269619109,-0.10461841888988613,0.26265396814944425,-0.03126463903459292,-0.1013916744525562,0.2654274724080015
-0.033540475411263974,-0.10654669199869377,0.2610593674418033,-0.03231279311229338,-0.1033046851366926,0.2638159757646307
-0.03413874346314881,-0.10844718628433596,0.25943957520697486,-0.03317210563280902,-0.10522703987908757,0.26219380009121
-0.03472814694270415,-0.11031952083622044,0.2577952048007766,-0.03388582469270288,-0.10714979470099373,0.26055895939225954
-0.035308570086509124,-0.11216332791330003,0.25612687721898314,-0.03450400544054908,-0.10906168092014706,0.25890828978374747
-0.03587990132547826,-0.11397825309850576,0.25443522077815556,-0.03506903282640118,-0.11095297914564178,0.2572387272040716
-0.036442033331239035,-0.11576395544607254,0.2527208707928823,-0.035610378621393844,-0.11281696667459007,0.25554794850099005
-0.03699486306024701,-0.11752010762167807,0.2509844692496096,-0.03614495029780573,-0.11464984492881447,0.2538345585876172
-0.037538291795617,-0.1192463960353259,0.24922666447723477,-0.03668002125802408,-0.11644999778896147,0.2520980116725331
-0.0380722251866466,-0.1209425209668987,0.24744811081464294,-0.03721673366213038,-0.11821713368348913,0.25033841368145093
-0.03859657328601327,-0.1226081966843204,0.24564946827536566,-0.03775309550695577,-0.11995158156131977,0.2485563024440111
-0.03911125058462456,-0.1242431515542636,0.24383140220954339,-0.038286076145471186,-0.12165382240136408,0.24675245813426067
-0.03961617604410391,-0.12584712814534604,0.24199458296337353,-0.03881281495479207,-0.12332423781216155,0.24492776442096142
-0.040111273126895344,-0.127419883323763,0.2401396855362303,-0.03933114746975962,-0.12496301754695005,0.24308312093978215
-0.0405964698239715,-0.12896118834130596,0.2382673892356395,-0.03983969644605529,-0.1265701628338546,0.24121939770301828
-0.04107169868013079,-0.1304708289157234,0.23637837733029599,-0.040337740186189484,-0.12814553420383912,0.23933741886240256
-0.04153689681687131,-0.13194860530338343,0.23447333670131096,-0.04082500664573176,-0.1296889095093931,0.23743796402842726
-0.04199200595282937,-0.13339433236419992,0.23255295749187818,-0.04130147894208341,-0.1312000335940177,0.23552177797232704
-0.04243697242177305,-0.13480783961879206,0.23061793275554734,-0.0417672495020895,-0.13267865274162938,0.23358958257541435
-0.042871747188141664,-0.13618897129784763,0.22866895810329566,-0.042203762377605356,-0.13406523650958738,0.2317204683979266
-0.042871747188141664,-0.13618897129784763,0.22866895810329566,-0.04254573273639676,-0.13515192658732786,0.2302061583650926
-0.042871747188141664,-0.13618897129784763,0.22866895810329566,-0.042770547355138765,-0.13586657128934423,0.22917823476398339
-0.042871747188141664,-0.13618897129784763,0.22866895810329566,-0.042893538995843854,-0.13625770314539956,0.22859741460179855
-0.042871747188141664,-0.13618897129784763,0.22866895810329566,-0.042943761324547615,-0.13641754846295384,0.22834860554181047
-0.042871747188141664,-0.13618897129784763,0.22866895810329566,-0.042950151392322104,-0.1364380281449443,0.2283060607131811
-0.042871747188141664,-0.13618897129784763,0.22866895810329566,-0.04293537975236368,-0.1363911866068894,0.22836683707168132
-0.042871747188141664,-0.13618897129784763,0.22866895810329566,-0.04291437410492761,-0.13632447891863328,0.22846121183153636
-0.042871747188141664,-0.13618897129784763,0.22866895810329566,-0.042895277015765794,-0.13626380121931272,0.2285500353471121
-0.042871747188141664,-0.13618897129784763,0.22866895810329566,-0.04288134457661158,-0.13621951794213363,0.22861672440884725
-0.042871747188141664,-0.13618897129784763,0.22866895810329566,-0.042872887279313376,-0.13619262753390363,0.22865862079254395
-0.042871747188141664,-0.13618897129784763,0.22866895810329566,-0.042868810941327065,-0.13617965956112585,0.22867998602323292
-0.042871747188141664,-0.13618897129784763,0.22866895810329566,-0.042867632555703014,-0.13617590418541783,0.22868728946557532
-0.042871747188141664,-0.13618897129784763,0.22866895810329566,-0.042868028323136374,-0.13617715514124246,0.2286865781526219
-0.042871747188141664,-0.13618897129784763,0.22866895810329566,-0.042869045394838726,-0.13618038379250944,0.22868237304778274
-0.042871747188141664,-0.13618897129784763,0.22866895810329566,-0.04287011354183358,-0.13618377701317616,0.22867750319923627
-0.042871747188141664,-0.13618897129784763,0.22866895810329566,-0.042870963905987255,-0.13618647944011125,0.2286734034209857
-0.042871747188141664,-0.13618897129784763,0.22866895810329566,-0.042871524269412695,-0.13618826084639774,0.22867055735638614
-0.042871747188141664,-0.13618897129784763,0.22866895810329566,-0.0428718274279715,-0.13618922499749672,0.22866890898064085
-0.042871747188141664,-0.13618897129784763,0.22866895810329566,-0.042871946167833574,-0.13618960296861674,0.228668168939756
-0.042871747188141664,-0.13618897129784763,0.22866895810329566,-0.04287195491099434,-0.13618963118709498,0.22866800543455545
-0.042871747188141664,-0.13618897129784763,0.22866895810329566,-0.04287191204007545,-0.13618949519567805,0.2286681404527698
-0.042871747188141664,-0.13618897129784763,0.22866895810329566,-0.04287185553807132,-0.13618931574635687,0.22866838170658438
-0.042871747188141664,-0.13618897129784763,0.22866895810329566,-0.04287180561935699,-0.13618915713063073,0.22866861827446738
-0.042871747188141664,-0.13618897129784763,0.22866895810329566,-0.042871769922652105,-0.1361890436668954,0.22866880069097906
-0.042871747188141664,-0.13618897129784763,0.22866895810329566,-0.04287174868952753,-0.1361889761523313,0.2286689183499564
-0.042871747188141664,-0.13618897129784763,0.22866895810329566,-0.042871738768940425,-0.1361889445898374,0.22866898066499394
-0.042871747188141664,-0.13618897129784763,0.22866895810329566,-0.04287173618916862,-0.13618893636471258,0.2286690040896706
-0.042871747188141664,-0.13618897129784763,0.22866895810329566,-0.04287173750341985,-0.1361889405245314,0.22866900466223458
-0.042871747188141664,-0.13618897129784763,0.22866895810329566,-0.042871740278696974,-0.13618894933569303,0.22866899470496377
-0.042871747188141664,-0.13618897129784763,0.22866895810329566,-0.042871743087857746,-0.13618895826019256,0.22866898214000564
-0.042871747188141664,-0.13618897129784763,0.22866895810329566,-0.0428717452792952,-0.13618896522479626,0.22866897114592413
-0.042871747188141664,-0.13618897129784763,0.22866895810329566,-0.04287174669820012,-0.13618896973569733,0.22866896327958608
-0.042871747188141664,-0.13618897129784763,0.22866895810329566,-0.0428717474488132,-0.13618897212303316,0.22866895856289282
-0.042871747188141664,-0.13618897129784763,0.22866895810329566,-0.04287174772876473,-0.13618897301429958,0.22866895631451042
-0.042871747188141664,-0.13618897129784763,0.22866895810329566,-0.04287174773328206,-0.1361889730297404,0.2286689556827433
-0.042871747188141664,-0.13618897129784763,0.22866895810329566,-0.042871747612512015,-0.13618897264654903,0.22866895592535263
-0.042871747188141664,-0.13618897129784763,0.22866895810329566,-0.04287174746242621,-0.13618897216984183,0.22866895651279742
-0.042871747188141664,-0.13618897129784763,0.22866895810329566,-0.04287174733292801,-0.1361889717583442,0.228668957128493
-0.042871747188141664,-0.13618897129784763,0.22866895810329566,-0.04287174724189212,-0.13618897146897083,0.22866895762218303
-0.042871747188141664,-0.13618897129784763,0.22866895810329566,-0.04287174718871632,-0.1361889712998817,0.2286689579522302
-0.042871747188141664,-0.13618897129784763,0.22866895810329566,-0.04287174716459889,-0.13618897122314605,0.22866895813553925
-0.042871747188141664,-0.13618897129784763,0.22866895810329566,-0.04287174715902252,-0.13618897120535703,0.2286689582119414
-0.042871747188141664,-0.13618897129784763,0.22866895810329566,-0.04287174716306585,-0.1361889712181651,0.22866895822296912
-0.042871747188141664,-0.13618897129784763,0.22866895810329566,-0.04287174717053749,-0.13618897124188925,0.2286689582018308
-0.042871747188141664,-0.13618897129784763,0.22866895810329566,-0.04287174717787243,-0.13618897126519325,0.22866895817067534
-0.042871747188141664,-0.13618897129784763,0.22866895810329566,-0.0428717471834935,-0.13618897128305832,0.22866895814177243
-0.042871747188141664,-0.13618897129784763,0.22866895810329566,-0.04287174718707549,-0.13618897129444646,0.2286689581202113
-0.042871747188141664,-0.13618897129784763,0.22866895810329566,-0.04287174718893107,-0.13618897130034838,0.22866895810670257
-0.042871747188141664,-0.13618897129784763,0.22866895810329566,-0.042871747189590095,-0.1361889713024468,0.22866895809980928
-0.042871747188141664,-0.13618897129784763,0.22866895810329566,-0.04287174718956108,-0.1361889713023573,0.22866895809743198
-0.042871747188141664,-0.13618897129784763,0.22866895810329566,-0.042871747189228364,-0.13618897130130145,0.22866895809762874
-0.042871747188141664,-0.13618897129784763,0.22866895810329566,-0.0428717471888336,-0.1361889713000475,0.2286689580989542
-0.042871747188141664,-0.13618897129784763,0.22866895810329566,-0.0428717471884998,-0.13618897129898672,0.228668958100504
-0.042871747188141664,-0.13618897129784763,0.22866895810329566,-0.04287174718826864,-0.13618897129825197,0.22866895810181795
-0.042871747188141664,-0.13618897129784763,0.22866895810329566,-0.04287174718813585,-0.13618897129782961,0.2286689581027381
-0.042871747188141664,-0.13618897129784763,0.22866895810329566,-0.04287174718807727,-0.13618897129764326,0.22866895810327842
-0.042871747188141664,-0.13618897129784763,0.22866895810329566,-0.04287174718806539,-0.13618897129760524,0.22866895810352816
-0.042871747188141664,-0.13618897129784763,0.22866895810329566,-0.04287174718807719,-0.1361889712976427,0.22866895810359122
-0.042871747188141664,-0.13618897129784763,0.22866895810329566,-0.04287174718809704,-0.1361889712977057,0.22866895810355564
-0.042871747188141664,-0.13618897129784763,0.22866895810329566,-0.042871747188116024,-0.13618897129776605,0.22866895810348292
-0.042871747188141664,-0.13618897129784763,0.22866895810329566,-0.042871747188130346,-0.1361889712978116,0.22866895810340904
-0.042871747188141664,-0.13618897129784763,0.22866895810329566,-0.04287174718813935,-0.13618897129784024,0.22866895810335083
-0.042871747188141664,-0.13618897129784763,0.22866895810329566,-0.04287174718814393,-0.1361889712978548,0.22866895810331228
-0.042871747188141664,-0.13618897129784763,0.22866895810329566,-0.04287174718814547,-0.13618897129785973,0.22866895810329113
-0.042871747188141664,-0.13618897129784763,0.22866895810329566,-0.042871747188145314,-0.13618897129785923,0.22866895810328247
-0.042871747188141664,-0.13618897129784763,0.22866895810329566,-0.042871747188144425,-0.13618897129785643,0.22866895810328142
-0.042871747188141664,-0.13618897129784763,0.22866895810329566,-0.0428717471881434,-0.13618897129785318,0.22866895810328403
-0.042871747188141664,-0.13618897129784763,0.22866895810329566,-0.042871747188142545,-0.13618897129785043,0.22866895810328774
-0.042871747188141664,-0.13618897129784763,0.22866895810329566,-0.04287174718814195,-0.13618897129784854,0.22866895810329113
-0.042871747188141664,-0.13618897129784763,0.22866895810329566,-0.04287174718814163,-0.13618897129784754,0.2286689581032937
-0.042871747188141664,-0.13618897129784763,0.22866895810329566,-0.042871747188141476,-0.13618897129784707,0.22866895810329524
-0.042871747188141664,-0.13618897129784763,0.22866895810329566,-0.04287174718814146,-0.136188971297847,0.22866895810329604
-0.042871747188141664,-0.13618897129784763,0.22866895810329566,-0.04287174718814148,-0.13618897129784707,0.22866895810329635
-0.042871747188141664,-0.13618897129784763,0.22866895810329566,-0.04287174718814153,-0.13618897129784724,0.22866895810329635
-0.042871747188141664,-0.13618897129784763,0.22866895810329566,-0.042871747188141573,-0.13618897129784738,0.22866895810329618
-0.042871747188141664,-0.13618897129784763,0.22866895810329566,-0.04287174718814162,-0.13618897129784754,0.228668958103296
-0.042871747188141664,-0.13618897129784763,0.22866895810329566,-0.04287174718814164,-0.1361889712978476,0.2286689581032958
-0.042871747188141664,-0.13618897129784763,0.22866895810329566,-0.042871747188141664,-0.13618897129784766,0.22866895810329574
-0.042871747188141664,-0.13618897129784763,0.22866895810329566,-0.042871747188141664,-0.13618897129784766,0.22866895810329566
-0.042871747188141664,-0.13618897129784763,0.22866895810329566,-0.04287174718814166,-0.13618897129784766,0.22866895810329563
-0.042871747188141664,-0.13618897129784763,0.22866895810329566,-0.04287174718814166,-0.13618897129784766,0.22866895810329563
-0.042871747188141664,-0.13618897129784763,0.22866895810329566,-0.042871747188141664,-0.13618897129784766,0.22866895810329563
-0.042871747188141664,-0.13618897129784763,0.22866895810329566,-0.04287174718814164,-0.13618897129784763,0.22866895810329563
-0.042871747188141664,-0.13618897129784763,0.22866895810329566,-0.04287174718814165,-0.13618897129784763,0.22866895810329563
-0.042871747188141664,-0.13618897129784763,0.22866895810329566,-0.04287174718814164,-0.13618897129784763,0.22866895810329566
-0.042871747188141664,-0.13618897129784763,0.22866895810329566,-0.04287174718814164,-0.13618897129784763,0.22866895810329566
-0.042871747188141664,-0.13618897129784763,0.22866895810329566,-0.04287174718814164,-0.13618897129784763,0.22866895810329566
-0.042871747188141664,-0.13618897129784763,0.22866895810329566,-0.04287174718814164,-0.13618897129784763,0.22866895810329566
-0.042871747188141664,-0.13618897129784763,0.22866895810329566,-0.04287174718814164,-0.13618897129784763,0.22866895810329566
-0.042871747188141664,-0.13618897129784763,0.22866895810329566,-0.04287174718814164,-0.13618897129784763,0.22866895810329566
-0.042871747188141664,-0.13618897129784763,0.22866895810329566,-0.04287174718814164,-0.13618897129784763,0.22866895810329566
-0.042871747188141664,-0.13618897129784763,0.22866895810329566,-0.04287174718814164,-0.13618897129784763,0.22866895810329566
-0.042871747188141664,-0.13618897129784763,0.22866895810329566,-0.04287174718814164,-0.13618897129784763,0.22866895810329566
-0.042871747188141664,-0.13618897129784763,0.22866895810329566,-0.04287174718814164,-0.13618897129784763,0.22866895810329566
-0.042871747188141664,-0.13618897129784763,0.22866895810329566,-0.04287174718814164,-0.13618897129784763,0.22866895810329566
-0.042871747188141664,-0.13618897129784763,0.22866895810329566,-0.04287174718814164,-0.13618897129784763,0.22866895810329566
-0.042871747188141664,-0.13618897129784763,0.22866895810329566,-0.04287174718814164,-0.13618897129784763,0.22866895810329566
-0.042871747188141664,-0.13618897129784763,0.22866895810329566,-0.04287174718814164,-0.13618897129784763,0.22866895810329566
-0.042871747188141664,-0.13618897129784763,0.22866895810329566,-0.04287174718814164,-0.13618897129784763,0.22866895810329566
-0.042871747188141664,-0.13618897129784763,0.22866895810329566,-0.04287174718814164,-0.13618897129784763,0.22866895810329566
-0.042871747188141664,-0.13618897129784763,0.22866895810329566,-0.04287174718814164,-0.13618897129784763,0.22866895810329566
-0.041276935356806516,-0.13538249877941166,0.23076174831296004,-0.04280853805295816,-0.13616955945791212,0.22873197377643437
-0.03969002112658078,-0.13452381717671708,0.23283161618359544,-0.04244883074143066,-0.1360455666141493,0.22911184550812672
-0.038112248335336635,-0.1336133270629958,0.23487793422488334,-0.04169053042825504,-0.13575167285474532,0.2299549123965342
-0.03654485044342244,-0.13265146271732328,0.23690008293457698,-0.040569647302662534,-0.1352649504324914,0.23125348042835905
-0.03498904964722037,-0.1316386918077334,0.2388974509921501,-0.03918255495147045,-0.1345918614137555,0.23291508042655298
-0.03344605600176962,-0.13057551505063034,0.24086943544966044,-0.037633639682057615,-0.13375645211560305,0.234820774408124
-0.03191706655308693,-0.12946246584676044,0.242815441919767,-0.03600857931032019,-0.132790456324531,0.23686117508898755
-0.030403264480810113,-0.12830010989402307,0.24473488476084013,-0.03436599954582172,-0.13172543578063722,0.23895260767756107
-0.028905818251782872,-0.1270890447774179,0.24662718725910532,-0.03273961436643885,-0.13058759657861968,0.24103993094584175
-0.0274258807851884,-0.12582989953644075,0.24849178180776266,-0.031144711019047342,-0.12939550091627658,0.24309227332314545
-0.025964588629832468,-0.12452333421025753,0.2503281100830263,-0.029585163024156643,-0.12816013828513478,0.2450962288932652
-0.024523061154166362,-0.12317003936100145,0.2521356232170244,-0.028059116160043404,-0.12688641774348777,0.2470491999828661
-0.023102399749631405,-0.12177073557555411,0.2539137819675084,-0.02656280998868323,-0.12557517313255767,0.24895412361503738
-0.021703687047894597,-0.120326172946188,0.25566205688431504,-0.025092711875093602,-0.12422504491312099,0.25081588813057476
-0.020327986152536275,-0.11883713053046041,0.2573799284725296,-0.023646419669697424,-0.12283391597721816,0.2526392513826049
-0.018976339885739425,-0.117304415790767,0.25906688735229777,-0.022222811574000037,-0.12139982340115905,0.25442787789675153
-0.017649770050517495,-0.11572886401397509,0.2607224344152364,-0.020821825004711695,-0.11992141363708926,0.25618409577601176
-0.0163492767090071,-0.11411133771157199,0.2623460809773941,-0.019444118091421155,-0.11839806927328793,0.2579090436296006
-0.015075837477340492,-0.11245272600077914,0.2639373489287105,-0.018090753623978058,-0.11682983981400828,0.25960297462697074
-0.013830406837597533,-0.11075394396709298,0.26549577087893217,-0.016762963116955232,-0.1152172839892706,0.2612655760529687
-0.012613915467327017,-0.10901593200873072,0.2670208902999342,-0.015461998971654057,-0.11356129659087111,0.2628962338255323
-0.011427269587112026,-0.10723965516346834,0.26851226166440617,-0.014189058669003307,-0.11186296052196056,0.2644942191253597
-0.01027135032664147,-0.10542610241837409,0.2699694505808582,-0.012945257751795336,-0.11012344009018676,0.266058801509823
-0.009147013109734781,-0.10357628600295049,0.2713920339249035,-0.01173163034480089,-0.10834391576416325,0.2675893050046717
-0.008055087058754556,-0.10169124066621005,0.27277959996677875,-0.010549141605535536,-0.10652555247236059,0.2690851262015031
-0.0069963744188251305,-0.09977202293822246,0.2741317484950614,-0.009398702508948862,-0.10466949091334685,0.2705457308542869
-0.005971650002262388,-0.09781971037668047,0.27544809093654554,-0.008281182194345153,-0.10277685207113832,0.2719706410187956
-0.0049816606536025945,-0.09583540079904386,0.2767282504722391,-0.007197416316706467,-0.10084874740770051,0.2733594202955452
-0.004027124735605313,-0.09382021150082866,0.27797186214944763,-0.0061482116199752836,-0.09888628982330235,0.27471166112167955
-0.0031087316365879295,-0.09177527846062174,0.2791785729899089,-0.005134347687211306,-0.09689060275293665,0.2760269755674274
-0.00222714129943345,-0.08970175553240614,0.2803480420939462,-0.004156576933410545,-0.09486282642665653,0.2773049896281497
-0.0013829837725986194,-0.08760081362579648,0.28147994074060784,-0.0032156237149846894,-0.09280412134598133,0.2785453403133543
-0.000576858783431279,-0.08547363987478673,0.2825739524837628,-0.002312183147316034,-0.090715669533708,0.2797476746474687
0.00019066466590995793,-0.08332143679562427,0.28362977324412314,-0.0014469199628862545,-0.08859867426077955,0.28091164978517286
0.0009190486796571183,-0.0811454214344306,0.2846471113971667,-0.000620467552616133,-0.08645435889184738,0.28203693364420773
0.0016077868264963617,-0.07894682450519638,0.2856256878569308,0.00016657278321462665,-0.08428396533687756,0.2831232056716679
0.0022564044742515274,-0.07672688951878362,0.28656523615565566,0.0009136324054156062,-0.0820887524255474,0.2841701575365248
0.0028644591009628767,-0.07448687190357567,0.2874655025192515,0.0016201757768360366,-0.07986999437537694,0.28517749366545014
0.0034315405821537864,-0.07222803811842145,0.28832624593856754,0.002285700819671956,-0.07762897941919511,0.28614493161383975
0.003957271454095733,-0.06995166475852285,0.28914723823644306,0.002909739222932554,-0.07536700859265832,0.28707220230055136
0.004441307152900029,-0.0676590376549231,0.28992826413052025,0.0034918567206794456,-0.07308539465025343,0.287959050146208
0.004883336229281841,-0.06535145096825308,0.290669121291801,0.004031653350977583,-0.07078546106834993,0.2888052331521632
0.005283080538860778,-0.06303020627740123,0.2913696203989321,0.004528763698387158,-0.06846854109703288,0.28961052294842643
0.005640295407880178,-0.06069661166377234,0.29202958518820193,0.004982857118948082,-0.06613597683146322,0.2903747048290194
0.0059547697742450105,-0.05835198079180448,0.2926488524992372,0.00539363794507007,-0.06378911828371732,0.2910975777849096
0.006226326303796942,-0.055997631986416344,0.29322727231638535,0.005760845667617698,-0.06142932244487937,0.29177895453874747
0.006454821481763178,-0.05363488730805639,0.29376470780577335,0.006084255093027003,-0.059057952333629725,0.2924186615820184
0.006640145679333994,-0.051265071626030306,0.2942610353480337,0.006363676474026046,-0.056676376031617626,0.29301653921343507
0.006782223195342049,-0.048889511690780055,0.29471614456668815,0.006598955613188275,-0.05428596570799922,0.29357244157680806
0.006881012273035092,-0.04650953520579136,0.29512993835218343,0.0067899739390252425,-0.05188809663623565,0.29408623669672335
0.0069365050919518115,-0.04412646989980269,0.2955023328815761,0.006936648554614844,-0.04948414620615477,0.29455780651074537
0.006948727734928892,-0.04174164259999214,0.2958332576338588,0.0070389322589043115,-0.04707549293379534,0.2949870468973079
0.006917740130285559,-0.03935637830681375,0.29612265540092986,0.007096813540871544,-0.04466351547097909,0.2953738676988299
0.006843635969250203,-0.03697199927115477,0.2963704822942026,0.00711031654672262,-0.04224959161603742,0.2957181927398634
0.006726542598711647,-0.03458982407448327,0.2965767077468575,0.007079501020277221,-0.03983509732673831,0.2960199598402435
0.006566620889395593,-0.03221116671265156,0.29674131451173746,0.007004462216669807,-0.03742140573620279,0.2962791208232908
0.006364065079585363,-0.029837335684019296,0.2968642986548916,0.006885330789479476,-0.03500988617247022,0.29649564151914154
0.006119102594522903,-0.02746963308255488,0.29694566954477103,0.006722272651398999,-0.03260190318231079,0.2966695017632808
0.005831993841644707,-0.02510935369657004,0.2969854498370845,0.006514416070425276,-0.030193843496840504,0.29680441587268
0.0054706608150985134,-0.02262391318108018,0.2970739548947857,0.006257590856538428,-0.027768142394733596,0.29691376310231876
0.005064647194343588,-0.020146127532469357,0.2971162607839858,0.005949157674177741,-0.025316702942623743,0.29700252395027954
0.0046142701795357744,-0.01767743374899663,0.2971123539349265,0.0055888100218314495,-0.022842332026552434,0.2970674021995865
0.004119884312089364,-0.01521925984430788,0.2970622367112862,0.005177673339712159,-0.020353131627784266,0.2971018077718917
0.0035818812049346923,-0.01277302380161973,0.2969659274093652,0.004717493232599169,-0.017858445077546217,0.29709907136206914
0.0030006892442141723,-0.010340132535716437,0.2968234602517772,0.0042100771326480605,-0.01536658575399125,0.2970539692770674
0.002376773262644168,-0.00792198086354828,0.29663488537564886,0.00365699433588489,-0.012883945442684681,0.2969630959261063
0.00171063418479136,-0.005519950484210282,0.2964002688153329,0.003059475596147638,-0.010414964137338723,0.2968246252826648
0.0010028086445341474,-0.003135408969076621,0.29611969247963904,0.002418437921982035,-0.007962522041401777,0.2966378530286153
0.00025386857499998684,-0.0007697087628536559,0.29579325412359236,0.0017345691472542457,-0.005528451330122164,0.2964027455149739
-0.0005355792287082225,0.001575813803688494,0.2954210673147266,0.0010084257157181556,-0.003113996756137857,0.2961195940490172
-0.001364893573663731,0.0038998394885588926,0.2950032613939262,0.00024051689008540997,-0.0007201541742779848,0.2957887938240617
-0.0022333993597919905,0.006201067100224642,0.2945399814308294,-0.0005686355030253677,0.0016521208315724012,0.2954107276205291
-0.0031403880966967244,0.00847821444539569,0.2940313881738088,-0.0014184622268898026,0.004001810267663477,0.29498572176117915
-0.0040851184462425754,0.010730019262198975,0.29347765799454384,-0.002308331707846464,0.006327803082355438,0.2945140436452779
-0.005066816790480247,0.012955240138033048,0.2928789828272091,-0.0032375483563437837,0.008628905177439146,0.29399591795911345
-0.006084677824481419,0.015152657411408954,0.292235570102294,-0.004205358015608432,0.010903866614731967,0.29343154727937926
-0.007137865173631644,0.01732107405709426,0.2915476426750819,-0.00521095598237546,0.013151411300345606,0.29282112982428565
-0.008225512034910388,0.01945931655388908,0.2908154387488083,-0.00625349478663958,0.015370261694576013,0.29216487184962087
-0.00934672184166938,0.021566235734377704,0.29003921179252873,-0.007297135146946354,0.017494213968410617,0.29148479016413353
-0.00934672184166938,0.021566235734377704,0.29003921179252873,-0.008195701656234148,0.019267400131796644,0.2908772771774685
-0.00934672184166938,0.021566235734377704,0.29003921179252873,-0.008856158701520792,0.02055294977890461,0.2904142136546596
-0.00934672184166938,0.021566235734377704,0.29003921179252873,-0.009271702220811954,0.021365625649334426,0.2901121154503812
-0.00934672184166938,0.021566235734377704,0.29003921179252873,-0.009486548561209528,0.021797751875211335,0.28994908697180566
-0.00934672184166938,0.021566235734377704,0.29003921179252873,-0.009562316888757456,0.021964018173193718,0.2898865251374942
-0.00934672184166938,0.021566235734377704,0.29003921179252873,-0.009556491236049177,0.02196956238780227,0.28988530369579424
-0.00934672184166938,0.021566235734377704,0.29003921179252873,-0.009512786488938036,0.021895719530894805,0.28991416895393257
-0.00934672184166938,0.021566235734377704,0.29003921179252873,-0.009459524371321772,0.021797145378461835,0.2899520743871154
-0.00934672184166938,0.021566235734377704,0.29003921179252873,-0.009412077166848564,0.021705211970382485,0.289987096563714
-0.00934672184166938,0.021566235734377704,0.29003921179252873,-0.00937664159987307,0.021633980444285363,0.2900140313176292
-0.00934672184166938,0.021566235734377704,0.29003921179252873,-0.009353839412744385,0.021586382377238762,0.2900319091653286
-0.00934672184166938,0.021566235734377704,0.29003921179252873,-0.009341514083991215,0.021559355434266004,0.29004198644931234
-0.00934672184166938,0.021566235734377704,0.29003921179252873,-0.00933660085605128,0.021547494357176036,0.29004635629628855
-0.00934672184166938,0.021566235734377704,0.29003921179252873,-0.009336194888940242,0.021545279744084937,0.2900471202448407
-0.00934672184166938,0.021566235734377704,0.29003921179252873,-0.009338030911444788,0.02154818681968898,0.29004598540075693
-0.00934672184166938,0.021566235734377704,0.29003921179252873,-0.009340588859994137,0.021553036446955852,0.2900441431632743
-0.00934672184166938,0.021566235734377704,0.29003921179252873,-0.00934300004537305,0.021557910013108174,0.290042307712639
-0.00934672184166938,0.021566235734377704,0.29003921179252873,-0.009344876004475587,0.021561868102423686,0.29004082518834307
-0.00934672184166938,0.021566235734377704,0.29003921179252873,-0.009346133542138316,0.021564627141588064,0.29003979675310104
-0.00934672184166938,0.021566235734377704,0.29003921179252873,-0.009346851882235822,0.021566277083653267,0.2900391851091556
-0.00934672184166938,0.021566235734377704,0.29003921179252873,-0.009347172862149882,0.021567072781613288,0.290038892706795
-0.00934672184166938,0.021566235734377704,0.29003921179252873,-0.00934724103556248,0.021567300950159983,0.2900388112768743
-0.00934672184166938,0.021566235734377704,0.29003921179252873,-0.00934717444600177,0.02156720927096516,0.29003884796761215
-0.00934672184166938,0.021566235734377704,0.29003921179252873,-0.009347055719963485,0.02156697927221307,0.2900389351175541
-0.00934672184166938,0.021566235734377704,0.29003921179252873,-0.009346934605918025,0.021566725702721865,0.2900390302073853
-0.00934672184166938,0.021566235734377704,0.29003921179252873,-0.009346835508160432,0.0215665089372469,0.29003911104551405
-0.00934672184166938,0.021566235734377704,0.29003921179252873,-0.009346765967022792,0.021566351370875217,0.29003916955381365
-0.00934672184166938,0.021566235734377704,0.29003921179252873,-0.009346723965200168,0.021566252636316428,0.29003920605686817
-0.00934672184166938,0.021566235734377704,0.29003921179252873,-0.009346703269865196,0.02156620135052012,0.2900392249040696
-0.00934672184166938,0.021566235734377704,0.29003921179252873,-0.009346696808431353,0.021566182933804037,0.2900392315738434
-0.00934672184166938,0.021566235734377704,0.29003921179252873,-0.00934669845363668,0.0215661840267923,0.2900392310502443
-0.00934672184166938,0.021566235734377704,0.29003921179252873,-0.009346703702658126,0.021566194408995033,0.2900392271275622
-0.00934672184166938,0.021566235734377704,0.29003921179252873,-0.009346709694477772,0.021566207335158634,0.2900392222987176
-0.00934672184166938,0.021566235734377704,0.29003921179252873,-0.009346714905369466,0.021566219037003946,0.29003921794884635
-0.00934672184166938,0.021566235734377704,0.29003921179252873,-0.009346718747367776,0.02156622791346703,0.2900392146604491
-0.00934672184166938,0.021566235734377704,0.29003921179252873,-0.009346721196429212,0.021566233723543698,0.29003921251468334
-0.00934672184166938,0.021566235734377704,0.29003921179252873,-0.009346722505655727,0.021566236934196598,0.2900392113333969
-0.00934672184166938,0.021566235734377704,0.29003921179252873,-0.009346723014083978,0.02156623826801264,0.29003921084623907
-0.00934672184166938,0.021566235734377704,0.29003921179252873,-0.009346723037942154,0.02156623843430361,0.2900392107895039
-0.00934672184166938,0.021566235734377704,0.29003921179252873,-0.009346722822392284,0.021566238000750332,0.2900392109529424
-0.00934672184166938,0.021566235734377704,0.29003921179252873,-0.009346722531665803,0.021566237357921382,0.2900392111923511
-0.00934672184166938,0.021566235734377704,0.29003921179252873,-0.009346722259637483,0.021566236735758984,0.29003921142311667
-0.00934672184166938,0.021566235734377704,0.29003921179252873,-0.009346722048284658,0.021566236242216083,0.29003921160572715
-0.00934672184166938,0.021566235734377704,0.29003921179252873,-0.009346721906466038,0.021566235905309445,0.2900392117301338
-0.00934672184166938,0.021566235734377704,0.29003921179252873,-0.009346721825298637,0.021566235708819388,0.290039211802534
-0.00934672184166938,0.021566235734377704,0.29003921179252873,-0.009346721788974487,0.02156623561809315,0.2900392118358469
-0.00934672184166938,0.021566235734377704,0.29003921179252873,-0.009346721781319277,0.02156623559611377,0.2900392118438016
-0.00934672184166938,0.021566235734377704,0.29003921179252873,-0.009346721789044424,0.021566235611769326,0.2900392118379058
-0.00934672184166938,0.021566235734377704,0.29003921179252873,-0.009346721802779632,0.021566235642750713,0.29003921182639547
-0.00934672184166938,0.021566235734377704,0.29003921179252873,-0.009346721816832573,0.021566235675283596,0.2900392118143461
-0.00934672184166938,0.021566235734377704,0.29003921179252873,-0.009346721828376177,0.02156623570237127,0.29003921180432934
-0.00934672184166938,0.021566235734377704,0.29003921179252873,-0.009346721836511385,0.021566235721647717,0.29003921179720915
-0.00934672184166938,0.021566235734377704,0.29003921179252873,-0.009346721841446786,0.021566235733450775,0.2900392117928541
-0.00934672184166938,0.021566235734377704,0.29003921179252873,-0.009346721843890042,0.02156623573936895,0.29003921179067343
-0.00934672184166938,0.021566235734377704,0.29003921179252873,-0.009346721844657648,0.02156623574129668,0.2900392117899661
-0.00934672184166938,0.021566235734377704,0.29003921179252873,-0.009346721844464367,0.02156623574091589,0.29003921179011005
-0.00934672184166938,0.021566235734377704,0.29003921179252873,-0.009346721843840097,0.02156623573948471,0.29003921179064074
-0.00934672184166938,0.021566235734377704,0.29003921179252873,-0.009346721843124463,0.02156623573781543,0.29003921179125847
-0.00934672184166938,0.021566235734377704,0.29003921179252873,-0.00934672184250004,0.021566235736348353,0.2900392117918008
-0.00934672184166938,0.021566235734377704,0.29003921179252873,-0.009346721842038457,0.02156623573525924,0.2900392117922034
-0.00934672184166938,0.021566235734377704,0.29003921179252873,-0.009346721841743698,0.021566235734561515,0.2900392117924611
-0.00934672184166938,0.021566235734377704,0.29003921179252873,-0.009346721841586081,0.02156623573418709,0.29003921179259934
-0.00934672184166938,0.021566235734377704,0.29003921179252873,-0.009346721841525154,0.021566235734041317,0.29003921179265313
-0.00934672184166938,0.021566235734377704,0.29003921179252873,-0.009346721841522871,0.021566235734034506,0.29003921179265557
-0.00934672184166938,0.021566235734377704,0.29003921179252873,-0.009346721841549575,0.021566235734096613,0.2900392117926327
-0.00934672184166938,0.021566235734377704,0.29003921179252873,-0.00934672184158532,0.021566235734180345,0.2900392117926016
-0.00934672184166938,0.021566235734377704,0.29003921179252873,-0.00934672184161868,0.021566235734258657,0.29003921179257264
-0.00934672184166938,0.021566235734377704,0.29003921179252873,-0.009346721841644574,0.021566235734319476,0.2900392117925502
-0.00934672184166938,0.021566235734377704,0.29003921179252873,-0.00934672184166189,0.02156623573436013,0.2900392117925352
-0.00934672184166938,0.021566235734377704,0.29003921179252873,-0.009346721841671745,0.021566235734383255,0.2900392117925266
-0.00934672184166938,0.021566235734377704,0.29003921179252873,-0.009346721841676101,0.021566235734393476,0.2900392117925228
-0.00934672184166938,0.021566235734377704,0.29003921179252873,-0.009346721841676947,0.021566235734395443,0.29003921179252207
-0.00934672184166938,0.021566235734377704,0.29003921179252873,-0.009346721841675917,0.02156623573439299,0.29003921179252307
-0.00934672184166938,0.021566235734377704,0.29003921179252873,-0.009346721841674179,0.021566235734388924,0.2900392117925245
-0.00934672184166938,0.021566235734377704,0.29003921179252873,-0.009346721841672427,0.021566235734384792,0.29003921179252606
-0.00934672184166938,0.021566235734377704,0.29003921179252873,-0.009346721841670985,0.021566235734381434,0.2900392117925273
-0.00934672184166938,0.021566235734377704,0.29003921179252873,-0.00934672184166999,0.02156623573437911,0.2900392117925282
-0.00934672184166938,0.021566235734377704,0.29003921179252873,-0.009346721841669379,0.021566235734377687,0.29003921179252873
-0.00934672184166938,0.021566235734377704,0.29003921179252873,-0.009346721841669084,0.021566235734377014,0.29003921179252895
-0.00934672184166938,0.021566235734377704,0.29003921179252873,-0.009346721841669002,0.021566235734376826,0.290039211792529
-0.00934672184166938,0.021566235734377704,0.29003921179252873,-0.009346721841669028,0.02156623573437689,0.29003921179252895
-0.00934672184166938,0.021566235734377704,0.29003921179252873,-0.00934672184166911,0.02156623573437707,0.29003921179252884
-0.00934672184166938,0.021566235734377704,0.29003921179252873,-0.009346721841669204,0.02156623573437729,0.29003921179252884
-0.00934672184166938,0.021566235734377704,0.29003921179252873,-0.009346721841669283,0.021566235734377485,0.2900392117925288
-0.00934672184166938,0.021566235734377704,0.29003921179252873,-0.00934672184166933,0.021566235734377597,0.2900392117925287
-0.00934672184166938,0.021566235734377704,0.29003921179252873,-0.00934672184166937,0.021566235734377687,0.29003921179252873
-0.00934672184166938,0.021566235734377704,0.29003921179252873,-0.009346721841669396,0.021566235734377732,0.2900392117925286
-0.00934672184166938,0.021566235734377704,0.29003921179252873,-0.009346721841669403,0.021566235734377753,0.2900392117925286
-0.00934672184166938,0.021566235734377704,0.29003921179252873,-0.009346721841669403,0.021566235734377753,0.2900392117925286
-0.00934672184166938,0.021566235734377704,0.29003921179252873,-0.009346721841669403,0.021566235734377753,0.2900392117925286
-0.00934672184166938,0.021566235734377704,0.29003921179252873,-0.009346721841669396,0.021566235734377732,0.2900392117925286
-0.00934672184166938,0.021566235734377704,0.29003921179252873,-0.009346721841669382,0.021566235734377708,0.29003921179252873
-0.00934672184166938,0.021566235734377704,0.29003921179252873,-0.009346721841669382,0.021566235734377708,0.29003921179252873
-0.00934672184166938,0.021566235734377704,0.29003921179252873,-0.009346721841669382,0.021566235734377708,0.29003921179252873
-0.00934672184166938,0.021566235734377704,0.29003921179252873,-0.009346721841669382,0.021566235734377708,0.29003921179252873
-0.00934672184166938,0.021566235734377704,0.29003921179252873,-0.009346721841669382,0.021566235734377708,0.29003921179252873
-0.00934672184166938,0.021566235734377704,0.29003921179252873,-0.009346721841669382,0.021566235734377708,0.29003921179252873
-0.00934672184166938,0.021566235734377704,0.29003921179252873,-0.009346721841669382,0.021566235734377708,0.29003921179252873
-0.00934672184166938,0.021566235734377704,0.29003921179252873,-0.009346721841669382,0.021566235734377708,0.29003921179252873
-0.00934672184166938,0.021566235734377704,0.29003921179252873,-0.009346721841669382,0.021566235734377708,0.29003921179252873
-0.00934672184166938,0.021566235734377704,0.29003921179252873,-0.009346721841669382,0.021566235734377708,0.29003921179252873
-0.00934672184166938,0.021566235734377704,0.29003921179252873,-0.009346721841669382,0.021566235734377708,0.29003921179252873
-0.00934672184166938,0.021566235734377704,0.29003921179252873,-0.009346721841669382,0.021566235734377708,0.29003921179252873
-0.00934672184166938,0.021566235734377704,0.29003921179252873,-0.009346721841669382,0.021566235734377708,0.29003921179252873
-0.00934672184166938,0.021566235734377704,0.29003921179252873,-0.009346721841669382,0.021566235734377708,0.29003921179252873
-0.00934672184166938,0.021566235734377704,0.29003921179252873,-0.009346721841669382,0.021566235734377708,0.29003921179252873
-0.00934672184166938,0.021566235734377704,0.29003921179252873,-0.009346721841669382,0.021566235734377708,0.29003921179252873
-0.00934672184166938,0.021566235734377704,0.29003921179252873,-0.009346721841669382,0.021566235734377708,0.29003921179252873
-0.00934672184166938,0.021566235734377704,0.29003921179252873,-0.009346721841669382,0.021566235734377708,0.29003921179252873
-0.00934672184166938,0.021566235734377704,0.29003921179252873,-0.009346721841669382,0.021566235734377708,0.29003921179252873
-0.00934672184166938,0.021566235734377704,0.29003921179252873,-0.009346721841669382,0.021566235734377708,0.29003921179252873
-0.00934672184166938,0.021566235734377704,0.29003921179252873,-0.009346721841669382,0.021566235734377708,0.29003921179252873
-0.00934672184166938,0.021566235734377704,0.29003921179252873,-0.009346721841669382,0.021566235734377708,0.29003921179252873
-0.00934672184166938,0.021566235734377704,0.29003921179252873,-0.009346721841669382,0.021566235734377708,0.29003921179252873
-0.00934672184166938,0.021566235734377704,0.29003921179252873,-0.009346721841669382,0.021566235734377708,0.29003921179252873
-0.00934672184166938,0.021566235734377704,0.29003921179252873,-0.009346721841669382,0.021566235734377708,0.29003921179252873
-0.00934672184166938,0.021566235734377704,0.29003921179252873,-0.009346721841669382,0.021566235734377708,0.29003921179252873
-0.00934672184166938,0.021566235734377704,0.29003921179252873,-0.009346721841669382,0.021566235734377708,0.29003921179252873
-0.00934672184166938,0.021566235734377704,0.29003921179252873,-0.009346721841669382,0.021566235734377708,0.29003921179252873
-0.00934672184166938,0.021566235734377704,0.29003921179252873,-0.009346721841669382,0.021566235734377708,0.29003921179252873
-0.00934672184166938,0.021566235734377704,0.29003921179252873,-0.009346721841669382,0.021566235734377708,0.29003921179252873
-0.009345905887486029,0.022642667208512542,0.29099837664481265,-0.009358356225324617,0.021636897162599006,0.2900681508645604
-0.009309546817127621,0.023723855290939715,0.2919253858478477,-0.00941115455770583,0.02200975447169489,0.2902424983392672
-0.009237441633774414,0.02480868980406155,0.2928201147664771,-0.00949026138847516,0.022738739155095822,0.2906264920462821
-0.009129421984614267,0.025896053198403518,0.29368244367853574,-0.00955730364145376,0.023745867828661484,0.29120987500452794
-0.00898535441649629,0.026984821636687403,0.29451225779193063,-0.009577258165164925,0.024917001586648654,0.2919427718895262
-0.008805140597576007,0.028073866086565435,0.2953094472609109,-0.009530792991201202,0.026151999154620503,0.2927655810910853
-0.008588717504663331,0.02916205342094578,0.2960739072015252,-0.009414523764521612,0.027383972850621833,0.2936262423690039
-0.00833605757601809,0.030248247524831136,0.29680553770626417,-0.009235184815916914,0.028579812888844536,0.2944867082115666
-0.008047168829372677,0.03133131040758439,0.2975042438578846,-0.00900310419708266,0.029731627979634773,0.2953229150532045
-0.007722094944993807,0.0324101033195231,0.2981699357424155,-0.008727705214080636,0.030845950206059652,0.29612189120286353
-0.007360915313632321,0.033483487871746584,0.2988025284613427,-0.00841548311863045,0.03193464028081741,0.29687823503772554
-0.006963745049242666,0.03455032715808584,0.29940194214296917,-0.008069795591548199,0.033008982727185276,0.2975910411812935
-0.006530734966389694,0.035609486878068045,0.2999681019529522,-0.007691590101808685,0.034076866739905856,0.2982616367338565
-0.006062071522294946,0.03665983645978149,0.3005009381040137,-0.007280390765223581,0.03514220585970471,0.298892120692837
-0.005557976723510261,0.03770025018152629,0.3010003858648225,-0.006835156796397554,0.03620561511394858,0.29948454651367373
-0.005018707997240981,0.03872960829113493,0.3014663855680496,-0.006354861251480401,0.03726555148087131,0.30004055284573355
-0.004444558027377158,0.039746798121847074,0.30189888261759157,-0.005838787634992312,0.03831941295923425,0.3005612694021541
-0.003835854555325662,0.04075071520362403,0.30229782749496525,-0.005286613418462971,0.03936435604249132,0.3010473675488768
-0.003192960145771797,0.04174026436879259,0.30266317576486945,-0.004698367103313854,0.040397778800071144,0.3014991689543047
-0.002516271917533852,0.04271436085090832,0.30299488807991615,-0.004074332722927366,0.041417521674606744,0.3019167616356373
-0.0018062212397093485,0.04367193137573741,0.3032929301845284,-0.0034149511843041287,0.042421877846668565,0.30230009850141226
-0.0010632733933463175,0.04461191524325864,0.30355727291800555,-0.0027207435982539337,0.04340950341422278,0.3026490698734482
-0.0002879271989078688,0.04553326539959474,0.30378789221675595,-0.0019922636252433143,0.04437929598716152,0.3029635506107381
0.0005192853901672427,0.04643494949779275,0.3039847691156963,-0.0012300752493838224,0.04533028372535207,0.30324342663490084
0.0013577997274711274,0.04731595094637912,0.3041478897488188,-0.00043474808022198443,0.04626154393793733,0.3034886067916417
0.0022270189468294134,0.04817526994462652,0.30427724534892525,0.0003931378947703082,0.04717215450776431,0.30369902548930766
0.0031263144682955758,0.04901192450348313,0.3043728322465291,0.0012529843073830352,0.048061172669320376,0.3038746403731427
0.004055026536498637,0.04982495145112256,0.30443465186792695,0.002144166942493156,0.04892763245890515,0.30401542798298953
0.005012464790874383,0.050613407422092305,0.30446271073243775,0.0030660305103059338,0.04977055243009678,0.30412137919269444
0.005997908867275465,0.05137636982904674,0.3044570204488131,0.004017885938924267,0.050588947187774194,0.3041924953542874
0.007010609030426272,0.05211293781607138,0.304417597710819,0.004999009715115736,0.05138183866935557,0.3042287854784521
0.00804978683665485,0.052822233192618584,0.3043444642919883,0.006008644551463065,0.05214826516807647,0.30423026443218676
0.009114635826304306,0.05350340134709387,0.3042376470395487,0.007046000712650269,0.05288728755750347,0.30419695196357677
0.010204322245195043,0.054155612139150995,0.30409717786752355,0.008110257522205119,0.05359799302500112,0.304128872311636
0.011317985794479438,0.05477806076977,0.3039230937490117,0.009200564778919602,0.05427949698137088,0.30402605417580914
0.01245474040820127,0.05536996862821887,0.30371543670764384,0.010316043979200001,0.05493094385304948,0.30388853086795004
0.01361367505784323,0.05593058411501461,0.3034742538082191,0.011455789348408761,0.0555515073347125,0.3037163405252954
0.01479385458311892,0.056459183440027594,0.3031995971465252,0.012618868735908922,0.056140390495432346,0.30350952631262595
0.015994320548236168,0.056955071394890075,0.3028915238383418,0.013804324440719929,0.05669682595789498,0.3032681365796366
0.01721409212283505,0.05741758209890008,0.30255009600763094,0.015011174024538285,0.05722007623845325,0.302992224964645
0.01845216698677485,0.0578460797176326,0.30217538077391665,0.01623841115009525,0.05770943425235482,0.302681850449953
0.01970752225792209,0.05823995915349598,0.3017674502388561,0.017485006464196828,0.0581642239462742,0.3023370773802938
0.02097911544206522,0.05859864670750183,0.3013263814720057,0.01874990853063606,0.058583801007163136,0.301957975456749
0.02226588540405956,0.05892160071153751,0.300852256495784,0.02003204480954729,0.05896755360033378,0.30154461971669844
0.02356675335928296,0.05920831213046474,0.30034516226963537,0.02133032267593804,0.05931490310113666,0.301097090507496
0.02488062388446105,0.059458305133393244,0.29980519067339695,0.02264363046959206,0.059625304797364394,0.30061547345869627
0.026206385946900425,0.05967113763350746,0.29923243848987235,0.023970838569775953,0.05989824855030007,0.3000998594553287
0.02754291395114751,0.059846401795856555,0.2986270073866157,0.025310800490048788,0.06013325940992665,0.2995503446130888
0.028889068802073065,0.05998372451254681,0.2979890038969299,0.026662353990227573,0.060329898184302094,0.29896703025534926
0.030243698983363047,0.06008276784480811,0.2973185394000817,0.028024322203871587,0.060487761965164595,0.29835002289143125
0.03160564165038143,0.06014322943143762,0.2966157301007381,0.02939551478043096,0.060606484612298034,0.2976994341954573
0.03297372373635171,0.060164842863155446,0.2958806970076292,0.03077472904155111,0.06068573719879732,0.29701538098517927
0.034346763070793124,0.060147378022442605,0.295113565911439,0.03216075115106086,0.06072522841864838,0.29629798520032663
0.03572356950912821,0.060090641388460736,0.29431446736193084,0.03355235729804763,0.060724704957320075,0.29554737388018165
0.03710294607237177,0.059994476306692295,0.29348353664431054,0.03494831489222784,0.060683951825492764,0.29476367914022905
0.03848369009579372,0.05985876322296958,0.29262091375483223,0.03634738377064281,0.060602792655682455,0.2939470381478232
0.03986459438544194,0.05968341988159773,0.291726743375651,0.03774831741456234,0.06048108996132597,0.29309759309687444
0.04124444838139825,0.059468401487312465,0.29080117484892826,0.03914986417538518,0.060318745357835726,0.29221549118159107
0.042622039326635615,0.059213700830846865,0.28984436215019327,0.04057955231865019,0.06015837116585025,0.29130978061324536
0.045162886578364994,0.06048182943247192,0.28901073265557037,0.04216368019974559,0.06017722914482332,0.29041362059166725
0.04775489987017216,0.06167099987369253,0.2881487947634446,0.04399746719964548,0.0604835703646696,0.289541370090224
0.05039575496026742,0.06277967568520154,0.2872586572057998,0.04610582559707521,0.06107556489149058,0.28868536415224555
0.053083083798414185,0.06380638803356793,0.286340432271959,0.048465040798819026,0.06188766316971031,0.2878270292806026
0.05581447648882011,0.06474973695597083,0.28539423579441947,0.051027345436287584,0.0628320550540184,0.28694759791757724
0.05858748328771998,0.06560839253801401,0.2844201871342406,0.053739537295643236,0.06382517589824838,0.2860343070787674
0.06139961663400112,0.06638109603364706,0.28341840916598704,0.05655425840871145,0.0648006055920167,0.28508167980208315
0.06424835321119425,0.06706666092626859,0.28238902826222767,0.059435100971943516,0.06571245735817649,0.2840898126925936
0.06713113603912668,0.06766397393013329,0.28133217427759427,0.06235741899123892,0.06653329244298557,0.2830617720013567
0.07004537659350904,0.06817199593123471,0.2802479805324009,0.065306669509806,0.06724966387468553,0.28200139539668356
0.07298845695170744,0.06858976286688777,0.279136583795825,0.06827572430510256,0.06785730756189756,0.28091195593977614
0.07595773196292555,0.06891638654328149,0.27799812426865494,0.07126211624528393,0.06835706226205832,0.27979562735933444
0.07895053144100761,0.06915105539032829,0.27683274556560333,0.07426574847948186,0.06875192093031214,0.27865348835644377
0.0819641623780479,0.06929303515318301,0.27564059469719077,0.07728726317486077,0.06904519863018242,0.2774857948595013
0.08499591117698094,0.06934166951986315,0.2744218220512004,0.08032705354464688,0.06923959699481834,0.27629232080296817
0.08804304590130671,0.06929638068444681,0.273176581373707,0.08338479297017973,0.06933688558019938,0.275072652878553
0.09110281854009426,0.06915666984538778,0.2719050297496817,0.08645932021643046,0.06933794463945583,0.2738263930422559
0.09417246728639127,0.06892211763852982,0.2706073275831768,0.08954873111454614,0.06924297488248912,0.2725532666361161
0.09724921882715866,0.06859238450446652,0.26928363857709003,0.09265056068206282,0.06905174723415361,0.271253156358972
0.10033029064283962,0.06816721098993891,0.26793412971251485,0.0956320715611449,0.06877772718063221,0.2699819721778838
0.10033029064283962,0.06816721098993891,0.26793412971251485,0.09801794232551748,0.06849472722516693,0.26894899639322734
0.10033029064283962,0.06816721098993891,0.26793412971251485,0.0996105718570647,0.06827430022973398,0.2682514392315526
0.10033029064283962,0.06816721098993891,0.26793412971251485,0.1004896223315711,0.06814189660348065,0.26786362484751364
0.10033029064283962,0.06816721098993891,0.26793412971251485,0.1008494259334371,0.06808560533531967,0.26770431968220687
0.10033029064283962,0.06816721098993891,0.26793412971251485,0.10089414042498472,0.06807868462413987,0.26768451565811446
0.10033029064283962,0.06816721098993891,0.26793412971251485,0.1007867876697406,0.0680958754689974,0.2677321159024319
0.10033029064283962,0.06816721098993891,0.26793412971251485,0.10063517031989505,0.06811984844340399,0.2677992788246891
0.10033029064283962,0.06816721098993891,0.26793412971251485,0.1004978788588298,0.06814132539781462,0.2678600390132956
0.10033029064283962,0.06816721098993891,0.26793412971251485,0.10039808597372611,0.06815680309947157,0.26790417011323975
0.10033029064283962,0.06816721098993891,0.26793412971251485,0.10033776139811622,0.06816610210945216,0.26793083293990894
0.10033029064283962,0.06816721098993891,0.26793412971251485,0.10030887077652338,0.06817053575015111,0.26794359767156833
0.10033029064283962,0.06816721098993891,0.26793412971251485,0.1003006854144028,0.06817178327524745,0.26794721267597826
0.10033029064283962,0.06816721098993891,0.26793412971251485,0.10030368697008818,0.06817131398759604,0.2679458853266849
0.10033029064283962,0.06816721098993891,0.26793412971251485,0.10031105449428247,0.0681701758604483,0.26794262936241253
0.10033029064283962,0.06816721098993891,0.26793412971251485,0.10031872525560025,0.06816899258127018,0.2679392396799515
0.10033029064283962,0.06816721098993891,0.26793412971251485,0.10032479869159718,0.06816805607358105,0.2679365559599138
0.10033029064283962,0.06816721098993891,0.26793412971251485,0.10032877887125491,0.06816744249870836,0.26793479729314473
0.10033029064283962,0.06816721098993891,0.26793412971251485,0.10033091536979764,0.06816711329965972,0.2679338533555014
0.10033029064283962,0.06816721098993891,0.26793412971251485,0.10033173751716226,0.06816698681055847,0.2679334902045063
0.10033029064283962,0.06816721098993891,0.26793412971251485,0.10033178113231558,0.0681669803670076,0.2679334710424973
0.10033029064283962,0.06816721098993891,0.26793412971251485,0.1003314638310819,0.0681670295440074,0.2679336113217192
0.10033029064283962,0.06816721098993891,0.26793412971251485,0.10033105551937513,0.06816709270877794,0.2679337917792333
0.10033029064283962,0.06816721098993891,0.26793412971251485,0.10033069847942278,0.06816714791894218,0.267933949553901
0.10033029064283962,0.06816721098993891,0.26793412971251485,0.100330445278564,0.06816718707195568,0.2679340614290096
0.10033029064283962,0.06816721098993891,0.26793412971251485,0.10033029614512373,0.06816721013879308,0.2679341273131289
0.10033029064283962,0.06816721098993891,0.26793412971251485,0.10033022765462227,0.0681672207391174,0.26793415756313615
0.10033029064283962,0.06816721098993891,0.26793412971251485,0.10033021101253152,0.06816722332117267,0.26793416490573413
0.10033029064283962,0.06816721098993891,0.26793412971251485,0.10033022151259842,0.06816722170246825,0.26793416025888683
0.10033029064283962,0.06816721098993891,0.26793412971251485,0.10033024187767145,0.06816721855388133,0.2679341512565111
0.10033029064283962,0.06816721098993891,0.26793412971251485,0.10033026208665449,0.06816721542585985,0.26793414232569024
0.10033029064283962,0.06816721098993891,0.26793412971251485,0.10033027765604301,0.06816721301326648,0.26793413544651634
0.10033029064283962,0.06816721098993891,0.26793412971251485,0.1003302876130703,0.06816721146806995,0.2679341310479689
0.10033029064283962,0.06816721098993891,0.26793412971251485,0.10033029278801198,0.06816721066300507,0.26793412876259165
0.10033029064283962,0.06816721098993891,0.26793412971251485,0.10033029463648314,0.06816721037356997,0.2679341279468731
0.10033029064283962,0.06816721098993891,0.26793412971251485,0.1003302945669846,0.06816721038208451,0.2679341279783216
0.10033029064283962,0.06816721098993891,0.26793412971251485,0.10033029364831861,0.06816721052309102,0.2679341283846742
0.10033029064283962,0.06816721098993891,0.26793412971251485,0.10033029255445135,0.06816721069204336,0.2679341288681958
0.10033029064283962,0.06816721098993891,0.26793412971251485,0.10033029162891743,0.06816721083547322,0.2679341292771756
0.10033029064283962,0.06816721098993891,0.26793412971251485,0.10033029098857153,0.06816721093502284,0.26793412956005574
0.10033029064283962,0.06816721098993891,0.26793412971251485,0.10033029062162573,0.0681672109923154,0.2679341297221007
0.10033029064283962,0.06816721098993891,0.26793412971251485,0.10033029046094531,0.06816721101762009,0.267934129793009
0.10033029064283962,0.06816721098993891,0.26793412971251485,0.10033029042961612,0.0681672110227878,0.2679341298067824
0.10033029064283962,0.06816721098993891,0.26793412971251485,0.1003302904637045,0.06816721101770779,0.2679341297916747
0.10033029064283962,0.06816721098993891,0.26793412971251485,0.1003302905195863,0.06816721100915275,0.26793412976695863
0.10033029064283962,0.06816721098993891,0.26793412971251485,0.10033029057266024,0.06816721100096085,0.2679341297434988
0.10033029064283962,0.06816721098993891,0.26793412971251485,0.10033029061246647,0.06816721099478099,0.2679341297259108
0.10033029064283962,0.06816721098993891,0.26793412971251485,0.10033029063728773,0.06816721099090262,0.2679341297149487
0.10033029064283962,0.06816721098993891,0.26793412971251485,0.10033029064973796,0.06816721098893688,0.26793412970945396
0.10033029064283962,0.06816721098993891,0.26793412971251485,0.10033029065379338,0.06816721098827692,0.26793412970766783
0.10033029064283962,0.06816721098993891,0.26793412971251485,0.10033029065314548,0.06816721098835432,0.2679341297079584
0.10033029064283962,0.06816721098993891,0.26793412971251485,0.10033029065052276,0.06816721098874673,0.26793412970911995
0.10033029064283962,0.06816721098993891,0.26793412971251485,0.10033029064760234,0.06816721098919248,0.26793412971041164
0.10033029064283962,0.06816721098993891,0.26793412971251485,0.10033029064520801,0.06816721098956172,0.26793412971147
0.10033029064283962,0.06816721098993891,0.26793412971251485,0.10033029064359246,0.06816721098981317,0.2679341297121838
0.10033029064283962,0.06816721098993891,0.26793412971251485,0.10033029064269335,0.06816721098995483,0.26793412971258057
0.10033029064283962,0.06816721098993891,0.26793412971251485,0.10033029064232091,0.06816721099001508,0.2679341297127448
0.10033029064283962,0.06816721098993891,0.26793412971251485,0.10033029064227014,0.06816721099002498,0.2679341297127669
0.10033029064283962,0.06816721098993891,0.26793412971251485,0.10033029064237603,0.06816721099001011,0.26793412971271985
0.10033029064283962,0.06816721098993891,0.26793412971251485,0.10033029064252863,0.06816721098998732,0.2679341297126523
0.10033029064283962,0.06816721098993891,0.26793412971251485,0.10033029064266777,0.06816721098996616,0.26793412971259073
0.10033029064283962,0.06816721098993891,0.26793412971251485,0.10033029064276944,0.06816721098995046,0.26793412971254577
0.10033029064283962,0.06816721098993891,0.26793412971251485,0.1003302906428312,0.06816721098994086,0.26793412971251857
0.10033029064283962,0.06816721098993891,0.26793412971251485,0.100330290642861,0.06816721098993611,0.26793412971250535
0.10033029064283962,0.06816721098993891,0.26793412971251485,0.10033029064286957,0.06816721098993461,0.2679341297125016
0.10033029064283962,0.06816721098993891,0.26793412971251485,0.1003302906428667,0.06816721098993493,0.26793412971250286
0.10033029064283962,0.06816721098993891,0.26793412971251485,0.10033029064285927,0.06816721098993599,0.2679341297125062
0.10033029064283962,0.06816721098993891,0.26793412971251485,0.10033029064285146,0.06816721098993711,0.2679341297125096
0.10033029064283962,0.06816721098993891,0.26793412971251485,0.10033029064284528,0.06816721098993803,0.2679341297125124
0.10033029064283962,0.06816721098993891,0.26793412971251485,0.10033029064284123,0.06816721098993866,0.2679341297125142
0.10033029064283962,0.06816721098993891,0.26793412971251485,0.100330290642839,0.068167210989939,0.2679341297125151
0.10033029064283962,0.06816721098993891,0.26793412971251485,0.10033029064283817,0.06816721098993916,0.2679341297125155
0.10033029064283962,0.06816721098993891,0.26793412971251485,0.10033029064283813,0.06816721098993916,0.26793412971251557
0.10033029064283962,0.06816721098993891,0.26793412971251485,0.10033029064283844,0.06816721098993912,0.2679341297125154
0.10033029064283962,0.06816721098993891,0.26793412971251485,0.1003302906428388,0.06816721098993904,0.26793412971251523
0.10033029064283962,0.06816721098993891,0.26793412971251485,0.10033029064283923,0.068167210989939,0.26793412971251507
0.10033029064283962,0.06816721098993891,0.26793412971251485,0.10033029064283946,0.06816721098993896,0.26793412971251496
0.10033029064283962,0.06816721098993891,0.26793412971251485,0.10033029064283959,0.06816721098993891,0.26793412971251485
0.10033029064283962,0.06816721098993891,0.26793412971251485,0.1003302906428397,0.06816721098993891,0.26793412971251485
0.10033029064283962,0.06816721098993891,0.26793412971251485,0.10033029064283974,0.06816721098993896,0.2679341297125148
0.10033029064283962,0.06816721098993891,0.26793412971251485,0.10033029064283971,0.06816721098993896,0.2679341297125148
0.10033029064283962,0.06816721098993891,0.26793412971251485,0.1003302906428397,0.06816721098993891,0.26793412971251485
0.10033029064283962,0.06816721098993891,0.26793412971251485,0.10033029064283965,0.06816721098993893,0.2679341297125149
0.10033029064283962,0.06816721098993891,0.26793412971251485,0.10033029064283962,0.06816721098993891,0.26793412971251485
0.10033029064283962,0.06816721098993891,0.26793412971251485,0.10033029064283959,0.06816721098993896,0.26793412971251485
0.10033029064283962,0.06816721098993891,0.26793412971251485,0.10033029064283959,0.06816721098993896,0.26793412971251485
0.10033029064283962,0.06816721098993891,0.26793412971251485,0.10033029064283959,0.06816721098993896,0.26793412971251485
0.10033029064283962,0.06816721098993891,0.26793412971251485,0.10033029064283959,0.06816721098993896,0.26793412971251485
0.10033029064283962,0.06816721098993891,0.26793412971251485,0.10033029064283959,0.06816721098993896,0.26793412971251485
0.10033029064283962,0.06816721098993891,0.26793412971251485,0.10033029064283959,0.06816721098993896,0.26793412971251485
0.10033029064283962,0.06816721098993891,0.26793412971251485,0.10033029064283959,0.06816721098993896,0.26793412971251485
0.10033029064283962,0.06816721098993891,0.26793412971251485,0.10033029064283959,0.06816721098993896,0.26793412971251485
0.10033029064283962,0.06816721098993891,0.26793412971251485,0.10033029064283959,0.06816721098993896,0.26793412971251485
0.10033029064283962,0.06816721098993891,0.26793412971251485,0.10033029064283959,0.06816721098993896,0.26793412971251485
0.10033029064283962,0.06816721098993891,0.26793412971251485,0.10033029064283959,0.06816721098993896,0.26793412971251485
0.10033029064283962,0.06816721098993891,0.26793412971251485,0.10033029064283959,0.06816721098993896,0.26793412971251485
0.10033029064283962,0.06816721098993891,0.26793412971251485,0.10033029064283959,0.06816721098993896,0.26793412971251485
0.10033029064283962,0.06816721098993891,0.26793412971251485,0.10033029064283959,0.06816721098993896,0.26793412971251485
0.10033029064283962,0.06816721098993891,0.26793412971251485,0.10033029064283959,0.06816721098993896,0.26793412971251485
0.10033029064283962,0.06816721098993891,0.26793412971251485,0.10033029064283959,0.06816721098993896,0.26793412971251485
0.10033029064283962,0.06816721098993891,0.26793412971251485,0.10033029064283959,0.06816721098993896,0.26793412971251485
0.10033029064283962,0.06816721098993891,0.26793412971251485,0.10033029064283959,0.06816721098993896,0.26793412971251485
0.10033029064283962,0.06816721098993891,0.26793412971251485,0.10033029064283959,0.06816721098993896,0.26793412971251485
0.10033029064283962,0.06816721098993891,0.26793412971251485,0.10033029064283959,0.06816721098993896,0.26793412971251485
0.10033029064283962,0.06816721098993891,0.26793412971251485,0.10033029064283959,0.06816721098993896,0.26793412971251485
0.10033029064283962,0.06816721098993891,0.26793412971251485,0.10033029064283959,0.06816721098993896,0.26793412971251485
0.10033029064283962,0.06816721098993891,0.26793412971251485,0.10033029064283959,0.06816721098993896,0.26793412971251485
0.10033029064283962,0.06816721098993891,0.26793412971251485,0.10033029064283959,0.06816721098993896,0.26793412971251485
0.10033029064283962,0.06816721098993891,0.26793412971251485,0.10033029064283959,0.06816721098993896,0.26793412971251485
0.10033029064283962,0.06816721098993891,0.26793412971251485,0.10033029064283959,0.06816721098993896,0.26793412971251485
0.10033029064283962,0.06816721098993891,0.26793412971251485,0.10033029064283959,0.06816721098993896,0.26793412971251485
0.10033029064283962,0.06816721098993891,0.26793412971251485,0.10033029064283959,0.06816721098993896,0.26793412971251485
0.10033029064283962,0.06816721098993891,0.26793412971251485,0.10033029064283959,0.06816721098993896,0.26793412971251485
0.10033029064283962,0.06816721098993891,0.26793412971251485,0.10033029064283959,0.06816721098993896,0.26793412971251485
0.10033029064283962,0.06816721098993891,0.26793412971251485,0.10033029064283959,0.06816721098993896,0.26793412971251485
0.10033029064283962,0.06816721098993891,0.26793412971251485,0.10033029064283959,0.06816721098993896,0.26793412971251485
0.10033029064283962,0.06816721098993891,0.26793412971251485,0.10033029064283959,0.06816721098993896,0.26793412971251485
0.10033029064283962,0.06816721098993891,0.26793412971251485,0.10033029064283959,0.06816721098993896,0.26793412971251485
0.10033029064283962,0.06816721098993891,0.26793412971251485,0.10033029064283959,0.06816721098993896,0.26793412971251485
0.10033029064283962,0.06816721098993891,0.26793412971251485,0.10033029064283959,0.06816721098993896,0.26793412971251485
0.10033029064283962,0.06816721098993891,0.26793412971251485,0.10033029064283959,0.06816721098993896,0.26793412971251485
0.10033029064283962,0.06816721098993891,0.26793412971251485,0.10033029064283959,0.06816721098993896,0.26793412971251485
0.09929765674031346,0.06790957031235947,0.26858579793218185,0.10028635555210226,0.06815620480895473,0.26796170749195547
0.09826452345119073,0.06764419028638526,0.2692323687745635,0.10003931759929728,0.06809415267381039,0.26811688779333415
0.0972309571746347,0.06737107183965503,0.2698738207348225,0.09952406738778809,0.06796351891298577,0.26844016782851626
0.09619702434019102,0.06709021646451452,0.27051013246155275,0.09876827397449166,0.06776873068448964,0.2689127378655196
0.09516279140283891,0.0668016262183237,0.27114128275761706,0.09783770567786272,0.06752359583372684,0.2694914918043008
0.09412832483803749,0.06650530372371932,0.2717672505809783,0.09680122003389152,0.06724358334178208,0.27013181093756383
0.09309369113676944,0.06620125216883413,0.27238801504552485,0.09571373530788828,0.06694181755365632,0.2707985374125893
0.09205895680058081,0.06588947530747108,0.27300355542189086,0.0946115286791114,0.06662756360453717,0.27146877380891654
0.09102418833661771,0.06556997745923367,0.27361385113827025,0.09351427939791178,0.06630625022906145,0.2721303115373982
0.0899894522526605,0.06524276350961189,0.2742188817812258,0.09242973433089055,0.06598028059946923,0.2727784755859677
0.08895481505215669,0.06490783891002426,0.2748186270964902,0.09135851392363703,0.06565007844841192,0.27341299851050127
0.08792034322925052,0.06456520967781454,0.2754130669897647,0.0902978964950428,0.06531502787292602,0.2740356264398706
0.08688610326381248,0.06421488239620474,0.27600218152750916,0.08924428450717742,0.06497415485673924,0.27464859700517075
0.08585216161646758,0.0638568642142042,0.27658595093772687,0.08819451682343336,0.06462653257772627,0.2752538511426661
0.08481858472362279,0.06349116284647302,0.2771643556107441,0.08714636236904338,0.06427146400307067,0.27585275038013846
0.08378543899249505,0.06311778657314246,0.2777373760999824,0.08609853216480165,0.06390851766236715,0.2764460832492707
0.08275279079613823,0.06273674423958954,0.27830499312272694,0.08505047108169869,0.06353748573494508,0.27703419886092784
0.08172070646847265,0.062348045256168466,0.278867187560886,0.08400209729518546,0.06315831463511415,0.27761716661447006
0.08068925229931398,0.06195169959789664,0.2794239404617471,0.08295357718130582,0.06277103799850016,0.27819491110804667
0.07965849452940493,0.06154771780409711,0.2799752330387251,0.08190516726689252,0.06237572569371771,0.27876730523110116
0.07862849934544772,0.06113611097799542,0.2805210466721055,0.08085712232101346,0.06197245174965095,0.2793342234070323
0.07759933287513981,0.060716890786273604,0.2810613629097796,0.07980965418340699,0.061561278365762695,0.27989556495837403
0.07657106118221219,0.060290069458578496,0.2815961634679765,0.07876292286653618,0.06114225109163739,0.2804512588518763
0.07554375026146976,0.05985565978698612,0.28212543023198566,0.07771704426880383,0.06071540036736656,0.2810012590813704
0.07451746603383719,0.05941367512542206,0.28264914525687546,0.07667210365167623,0.06028074573457481,0.2815455369425666
0.07349227434140665,0.058964129389036786,0.2831672907682041,0.07562816866846048,0.059838300377577515,0.28208407368999194
0.07246824094249134,0.0585070370535373,0.28367984916272526,0.07458529923604379,0.059388074813404745,0.28261685504043355
0.07144543150668334,0.05804241315447442,0.28418680300908583,0.07354355373925882,0.058930079360628294,0.28314386775226824
0.07042391160991608,0.057570273286485306,0.2846881350485192,0.072502992167691,0.058464325482938215,0.28366509790870864
0.06940374672953312,0.057090633602492745,0.28518382819553056,0.07146367715125768,0.05799082630249399,0.28418053035060004
0.06838500223936289,0.05660351081285954,0.2856738655385762,0.07042567380795843,0.05750959660666769,0.2846901487499207
0.06736774340479872,0.056108922184498616,0.2861582303407368,0.06938904908645929,0.05702065261347813,0.2851939359515266
0.06635203537788747,0.055606885539940476,0.2866369060403834,0.06835387102716566,0.056524011674582895,0.285691874356355
0.06533794319242339,0.05509741925635474,0.28710987625183715,0.06732020815226214,0.05601969201419167,0.2861839462358086
0.06432553175905083,0.054580542264529325,0.2875771247660232,0.06628812905098987,0.05550771254243064,0.28667013394400304
0.06331486586037471,0.054056274047804984,0.2880386355511163,0.06525770214609054,0.054988092744888306,0.2871504200363695
0.062306010146078936,0.053524634640966295,0.28849439275318145,0.06422899559409836,0.05446085263231044,0.28762478731974445
0.06129902912805392,0.05298564462908879,0.2889443806968069,0.06320207726777533,0.053926012729571024,0.28809321886074235
0.060293987175533484,0.05243932514634273,0.2893885838857309,0.062177014778669826,0.05338359408537288,0.28855569797383
0.059290948510240776,0.051885697874753056,0.2898269870034613,0.06115387551166384,0.052833618289333355,0.28901220820324824
0.05828997720154473,0.051324785042915835,0.2902595749138889,0.06013272665601947,0.052276107488507396,0.2894627333064677
0.05729113716162654,0.050756609424671514,0.2906863326618934,0.059113635226674094,0.05171108439970674,0.28990725724224364
0.05629449214065704,0.05018119433773465,0.29110724547394345,0.058096668075140676,0.05113857231680849,0.2903457641635808
0.05530010572198521,0.04959856364228066,0.2915222987586889,0.057081891892059325,0.05055859511376143,0.2907782384146302
0.05430804131733841,0.049008741739489305,0.2919314781075466,0.05606937320421284,0.04997117724456057,0.2912046645301804
0.05331836216203455,0.048411753570045256,0.29233476929527963,0.05505917836853137,0.04937634374144368,0.291625027236564
0.05233113131020599,0.04780762461259548,0.29273215828056887,0.05405137356491792,0.04877412021228327,0.2920393114531249
0.0513464116300375,0.047196380882164254,0.2931236312065783,0.05304602478899306,0.048164532837797924,0.29244750229374394
0.0503642657990157,0.046578048928524976,0.29350917440151336,0.052043197845285445,0.04754760836891022,0.29284958506818
0.04938475629919391,0.045952655834530336,0.29388877437917116,0.0510429583410081,0.04692337412436067,0.29324554528316027
0.04840794541246915,0.0453202292143986,0.294262417839486,0.05004537168035893,0.04629185798856571,0.29363536864324813
0.04743389521587435,0.04468079721195868,0.29463009166906495,0.049050503059202735,0.045653088409649774,0.2940190410515458
0.046462667576885816,0.04403438849885315,0.29499178294171874,0.04805841745998867,0.04500709439757104,0.29439654861029585
0.04549432414874406,0.04338103227269775,0.2953474789189842,0.04706917964678714,0.04435390552227193,0.29476787762143075
0.04452892636579203,0.042720758255200775,0.29569716705064075,0.04608285416037095,0.04369355191180737,0.2951330145871005
0.043566535438828005,0.042053596690239524,0.29604083497521805,0.0450995053132988,0.0430260642504222,0.29549194621019775
0.042607212350475,0.04137957834189509,0.29637847052049815,0.044119197184987635,0.04235147377656727,0.29584465939488475
0.04165101785056688,0.040698734492446285,0.29671006170400993,0.043141993616772026,0.04166981228085043,0.2961911412471249
0.04069801245155176,0.04001109694032175,0.29703559673351565,0.04220124099075076,0.041013458120944674,0.29651960728328475
0.040528714898956195,0.04008868280750891,0.29708863319833345,0.0414173439584896,0.04050072269518716,0.29678874094569724
0.040359239847956405,0.040165525258725326,0.297141400976262,0.040838872290487646,0.04018215833993166,0.29698402013316816
0.040189590922554884,0.04024162409082311,0.2971938997898299,0.04044379794274936,0.0400396410188626,0.2971149167378088
0.04001977174505237,0.040316979119580314,0.2972461293629432,0.040181378440183955,0.040025948484626456,0.29719970053279837
0.039849785935945764,0.04039159017968071,0.29729808942088715,0.03999892098782655,0.04009069363235142,0.29725664749159086
0.03967963711382631,0.04046545712469416,0.29734977969032766,0.03985466407158243,0.04019323651791139,0.29730008056202817
0.03950932889527801,0.040538579827055485,0.2974011998993126,0.03972119050576484,0.04030646895981712,0.29733940565607747
0.03933886489477584,0.04061095817804344,0.2974523497772733,0.039583729518793756,0.04041551528562595,0.2973797231681202
0.03916824872458459,0.04068259208775885,0.29750322905502635,0.03943653086859979,0.04051439617877067,0.2974230458655756
0.03899748399465733,0.04075348148510212,0.2975538374647749,0.03927919333861343,0.040602514387746834,0.29746953815289795
0.03882657431253455,0.040823626317750335,0.2976041747401095,0.039113805272654206,0.04068184941551246,0.29751849315310364
0.038655523283243204,0.040893026552134004,0.297654240616011,0.03894309781409383,0.040755104783070276,0.2975689714552281
0.038484334509195736,0.04096168217341262,0.2977040348288505,0.03876947112315103,0.040824704276570825,0.29762014193260083
0.03831301159008979,0.04102959318545042,0.2977535571163916,0.03859463293381408,0.04089239929905777,0.2976714106019994
0.03814155812280755,0.04109675961079113,0.2978028072177918,0.03841959368822018,0.040959241944894476,0.2977224247451665
0.03796997770131559,0.04116318149063236,0.2978517848736035,0.03824482265754217,0.041025730149229264,0.29777302002257816
0.037798273916564734,0.04122885888479921,0.29790048982577594,0.038070440804109026,0.04109199828762848,0.2978231539871877
0.03762645035639027,0.04129379187171778,0.29794892181765625,0.03789638632938391,0.04115798551275117,0.2978728485707073
0.037454510605412175,0.04135798054838767,0.29799708059399105,0.03772253038641614,0.041223556098844205,0.29792214963763886
0.037282458244935535,0.041421425030354224,0.2980449659009277,0.03755206357249179,0.04129222092374634,0.2979690100992914
0.03719679594952428,0.04158081935289223,0.29803822891647314,0.03739724864301459,0.041377615863603785,0.2980057035561671
0.03711050560463436,0.041740074050023585,0.298031465244445,0.03726362089997805,0.04148622549657377,0.298028771899786
0.03702358726482352,0.04189918675691725,0.29802467488612017,0.03714944797225461,0.041616550660968324,0.2980392837650393
0.03693604099331024,0.04205815510775238,0.29801785784278056,0.037049734469057315,0.041763371794553736,0.29804031916281504
0.03684786686197993,0.042216976735749756,0.29801101411571307,0.036958972040607774,0.04192075284784946,0.29803528336286494
0.03675906495139167,0.04237564927320259,0.29800414370620965,0.03687257601207783,0.04208366046804685,0.29802702982432583
0.036669635350784685,0.042534170351508145,0.29799724661556726,0.03678736498066046,0.04224854504715031,0.2980175587003986
0.03657957815808466,0.0426925376011986,0.29799032284508803,0.03670148444288414,0.04241330055670878,0.2980080518645104
0.036488893479910106,0.04285074865197274,0.2979833723960789,0.03661408783314617,0.04257693999428169,0.29799906032737616
0.036397581431578216,0.04300880113272685,0.2979763952698521,0.03652497374927402,0.04273920662324294,0.29799072466011106
0.036305642137111196,0.04316669267158628,0.29796939146772466,0.036434280742301414,0.04290023780380657,0.2979829646932086
0.03621307572924212,0.043324420895936924,0.29796236099101897,0.03634227402785151,0.04306032471729543,0.2979756147419726
0.036119882349420325,0.043481983432456316,0.29795530384106195,0.03624922021454692,0.043219767784463146,0.29796850469601416
0.03602606214781774,0.04363937790714527,0.29794822001918597,0.036155329383452395,0.043378807363612,0.297961498640114
0.03593161528333397,0.043796601945359295,0.2979411095267282,0.0360607405730676,0.04353760423493502,0.29795450550159985
0.03583654192360197,0.04395365317184006,0.2979339723650312,0.03596553034657305,0.04369624742218838,0.29794747443605424
0.03574084224499326,0.04411052921074681,0.2979268085354422,0.03586973014021731,0.04385477308648769,0.29794038411201124
0.035644516432623397,0.044267227685688186,0.2979196180393136,0.0357733439290695,0.0440131845621886,0.2979332314476455
0.03554756468035684,0.04442374621975357,0.29791240087800275,0.03567636224789519,0.044171468666150085,0.2979260224931001
0.03544998719081206,0.044580082435544593,0.2979051570528721,0.03558330303186048,0.04432357945747514,0.29791898510500486
0.03544998719081206,0.044580082435544593,0.2979051570528721,0.03551028578917495,0.04444712607603179,0.2979130115273574
0.03544998719081206,0.044580082435544593,0.2979051570528721,0.0354634123900264,0.0445320167015542,0.2979086281334315
0.03544998719081206,0.044580082435544593,0.2979051570528721,0.03543940016786781,0.044581250009907446,0.2979058377286278
0.03544998719081206,0.044580082435544593,0.2979051570528721,0.035431356918341525,0.04460364945882905,0.29790435105150215
0.03544998719081206,0.044580082435544593,0.2979051570528721,0.03543237310860824,0.0446089538887056,0.29790378159450914
0.03544998719081206,0.044580082435544593,0.2979051570528721,0.03543717958100779,0.044605274673049713,0.29790376681539144
0.03544998719081206,0.044580082435544593,0.2979051570528721,0.03544250591656195,0.04459825028887097,0.29790402460701465
0.03544998719081206,0.044580082435544593,0.2979051570528721,0.03544676236965458,0.044591180934432456,0.29790436580231655
0.03544998719081206,0.044580082435544593,0.2979051570528721,0.0354494945611308,0.04458558973083039,0.29790468252559404
0.03544998719081206,0.044580082435544593,0.2979051570528721,0.03545086727349901,0.044581860426847704,0.2979049269926862
0.03544998719081206,0.044580082435544593,0.2979051570528721,0.03545128459465276,0.04457977333858805,0.297905089737895
0.03544998719081206,0.044580082435544593,0.2979051570528721,0.035451161681779295,0.04457887957225414,0.29790518172785474
0.03544998719081206,0.044580082435544593,0.2979051570528721,0.03545081898275773,0.044578720989555266,0.2979052217754984
0.03544998719081206,0.044580082435544593,0.2979051570528721,0.03545045685264732,0.04457893258964156,0.29790522892654536
0.03544998719081206,0.044580082435544593,0.2979051570528721,0.03545017261957188,0.04457926935011158,0.29790521871242126
0.03544998719081206,0.044580082435544593,0.2979051570528721,0.035449992912063244,0.04457959291449745,0.29790520199668563
0.03544998719081206,0.044580082435544593,0.2979051570528721,0.035449905299441246,0.044579842846307366,0.2979051853027305
0.03544998719081206,0.044580082435544593,0.2979051570528721,0.03544988213745551,0.044580006996227925,0.2979051717998311
0.03544998719081206,0.044580082435544593,0.2979051570528721,0.03544989520336274,0.04458009778068225,0.29790516242177656
0.03544998719081206,0.044580082435544593,0.2979051570528721,0.03544992263572594,0.04458013619382129,0.29790515683695346
0.03544998719081206,0.044580082435544593,0.2979051570528721,0.035449950681564604,0.044580142727838674,0.29790515416135743
0.03544998719081206,0.044580082435544593,0.2979051570528721,0.035449972621536596,0.04458013335399795,0.29790515341069523
0.03544998719081206,0.044580082435544593,0.2979051570528721,0.03544998662967902,0.044580118649456164,0.29790515373942184
0.03544998719081206,0.044580082435544593,0.2979051570528721,0.035449993631582535,0.04458010453403065,0.29790515453058214
0.03544998719081206,0.044580082435544593,0.2979051570528721,0.03544999565707212,0.04458009358040067,0.29790515539596135
0.03544998719081206,0.044580082435544593,0.2979051570528721,0.03544999480496702,0.04458008630777826,0.29790515613257634
0.03544998719081206,0.044580082435544593,0.2979051570528721,0.03544999273414588,0.044580082196173355,0.2979051566662205
0.03544998719081206,0.044580082435544593,0.2979051570528721,0.0354499905199558,0.044580080361693086,0.2979051569994659
0.03544998719081206,0.044580082435544593,0.2979051570528721,0.03544998871671595,0.044580079937503014,0.2979051571717428
0.03544998719081206,0.044580082435544593,0.2979051570528721,0.0354499875042386,0.04458008024248254,0.2979051572328985
0.03544998719081206,0.044580082435544593,0.2979051570528721,0.03544998684154428,0.044580080819063714,0.29790515722835026
0.03544998719081206,0.044580082435544593,0.2979051570528721,0.03544998658968649,0.044580081404288145,0.2979051571927079
0.03544998719081206,0.044580082435544593,0.2979051570528721,0.03544998659249474,0.044580081876802125,0.2979051571487306
0.03544998719081206,0.044580082435544593,0.2979051570528721,0.0354499867192892,0.04458008220397401,0.2979051571090771
0.03544998719081206,0.044580082435544593,0.2979051570528721,0.03544998687994247,0.044580082399954285,0.29790515707908105
0.03544998719081206,0.044580082435544593,0.2979051570528721,0.03544998702335668,0.044580082497257235,0.29790515705949705
0.03544998719081206,0.044580082435544593,0.2979051570528721,0.03544998712829807,0.04458008253022621,0.29790515704870885
0.03544998719081206,0.044580082435544593,0.2979051570528721,0.03544998719254479,0.044580082527202705,0.29790515704425424
0.03544998719081206,0.044580082435544593,0.2979051570528721,0.035449987223568555,0.044580082508192335,0.2979051570437291
0.03544998719081206,0.044580082435544593,0.2979051570528721,0.035449987231962465,0.04458008248547095,0.2979051570452154
0.03544998719081206,0.044580082435544593,0.2979051570528721,0.03544998722760067,0.04458008246539061,0.29790515704739706
0.03544998719081206,0.044580082435544593,0.2979051570528721,0.035449987217934756,0.04458008245036415,0.2979051570495012
0.03544998719081206,0.044580082435544593,0.2979051570528721,0.03544998720768277,0.04458008244053684,0.2979051570511669
0.03544998719081206,0.044580082435544593,0.2979051570528721,0.0354499871992542,0.04458008243498676,0.297905157052302
0.03544998719081206,0.044580082435544593,0.2979051570528721,0.03544998719343978,0.0445800824324777,0.2979051570529627
0.03544998719081206,0.044580082435544593,0.2979051570528721,0.03544998719008352,0.04458008243186311,0.29790515705326687
0.03544998719081206,0.044580082435544593,0.2979051570528721,0.03544998718860408,0.04458008243225391,0.29790515705333964
0.03544998719081206,0.044580082435544593,0.2979051570528721,0.03544998718833497,0.044580082433046966,0.29790515705328596
0.03544998719081206,0.044580082435544593,0.2979051570528721,0.035449987188706164,0.04458008243388443,0.2979051570531811
0.03544998719081206,0.044580082435544593,0.2979051570528721,0.03544998718931139,0.04458008243458935,0.2979051570530711
0.03544998719081206,0.044580082435544593,0.2979051570528721,0.035449987189906794,0.04458008243510214,0.29790515705297976
0.03544998719081206,0.044580082435544593,0.2979051570528721,0.035449987190376855,0.04458008243542949,0.29790515705291476
0.03544998719081206,0.044580082435544593,0.2979051570528721,0.035449987190691326,0.044580082435608334,0.29790515705287507
0.03544998719081206,0.044580082435544593,0.2979051570528721,0.035449987190867296,0.0445800824356832,0.2979051570528552
0.03544998719081206,0.044580082435544593,0.2979051570528721,0.03544998719094106,0.04458008243569427,0.29790515705284876
0.03544998719081206,0.044580082435544593,0.2979051570528721,0.03544998719095073,0.044580082435672456,0.2979051570528501
0.03544998719081206,0.044580082435544593,0.2979051570528721,0.03544998719092765,0.044580082435638574,0.29790515705285486
0.03544998719081206,0.044580082435544593,0.2979051570528721,0.035449987190893414,0.04458008243560499,0.2979051570528605
0.03544998719081206,0.044580082435544593,0.2979051570528721,0.035449987190860725,0.04458008243557757,0.29790515705286547
0.03544998719081206,0.044580082435544593,0.2979051570528721,0.03544998719083529,0.044580082435558166,0.29790515705286913
0.03544998719081206,0.044580082435544593,0.2979051570528721,0.03544998719081845,0.044580082435546176,0.2979051570528715
0.03544998719081206,0.044580082435544593,0.2979051570528721,0.03544998719080909,0.044580082435540014,0.2979051570528728
0.03544998719081206,0.044580082435544593,0.2979051570528721,0.035449987190805186,0.04458008243553779,0.2979051570528733
0.03544998719081206,0.044580082435544593,0.2979051570528721,0.03544998719080468,0.04458008243553799,0.2979051570528733
0.03544998719081206,0.044580082435544593,0.2979051570528721,0.03544998719080589,0.04458008243553925,0.2979051570528731
0.03544998719081206,0.044580082435544593,0.2979051570528721,0.03544998719080771,0.044580082435540874,0.2979051570528728
0.03544998719081206,0.044580082435544593,0.2979051570528721,0.03544998719080944,0.044580082435542345,0.29790515705287257
0.03544998719081206,0.044580082435544593,0.2979051570528721,0.035449987190810786,0.04458008243554349,0.2979051570528723
0.03544998719081206,0.044580082435544593,0.2979051570528721,0.035449987190811695,0.04458008243554426,0.2979051570528722
0.03544998719081206,0.044580082435544593,0.2979051570528721,0.0354499871908122,0.044580082435544684,0.2979051570528721
0.03544998719081206,0.044580082435544593,0.2979051570528721,0.035449987190812424,0.04458008243554487,0.29790515705287207
0.03544998719081206,0.044580082435544593,0.2979051570528721,0.03544998719081245,0.04458008243554494,0.29790515705287207
0.03544998719081206,0.044580082435544593,0.2979051570528721,0.03544998719081241,0.0445800824355449,0.29790515705287207
0.03544998719081206,0.044580082435544593,0.2979051570528721,0.035449987190812327,0.044580082435544795,0.29790515705287207
0.03544998719081206,0.044580082435544593,0.2979051570528721,0.03544998719081223,0.044580082435544746,0.2979051570528721
0.03544998719081206,0.044580082435544593,0.2979051570528721,0.03544998719081215,0.044580082435544684,0.2979051570528721
0.03544998719081206,0.044580082435544593,0.2979051570528721,0.035449987190812104,0.04458008243554462,0.2979051570528721
0.03544998719081206,0.044580082435544593,0.2979051570528721,0.03544998719081206,0.044580082435544593,0.2979051570528721
0.03544998719081206,0.044580082435544593,0.2979051570528721,0.03544998719081207,0.044580082435544593,0.2979051570528721
0.03544998719081206,0.044580082435544593,0.2979051570528721,0.03544998719081206,0.04458008243554459,0.2979051570528721
0.03544998719081206,0.044580082435544593,0.2979051570528721,0.03544998719081207,0.044580082435544593,0.2979051570528721
0.03544998719081206,0.044580082435544593,0.2979051570528721,0.03544998719081208,0.044580082435544593,0.2979051570528721
0.03544998719081206,0.044580082435544593,0.2979051570528721,0.03544998719081208,0.044580082435544593,0.2979051570528721
0.03544998719081206,0.044580082435544593,0.2979051570528721,0.03544998719081208,0.04458008243554461,0.2979051570528721
0.03544998719081206,0.044580082435544593,0.2979051570528721,0.03544998719081208,0.04458008243554461,0.2979051570528721
0.03544998719081206,0.044580082435544593,0.2979051570528721,0.03544998719081208,0.04458008243554461,0.2979051570528721
0.03544998719081206,0.044580082435544593,0.2979051570528721,0.03544998719081208,0.04458008243554461,0.2979051570528721
0.03544998719081206,0.044580082435544593,0.2979051570528721,0.03544998719081208,0.04458008243554461,0.2979051570528721
0.03544998719081206,0.044580082435544593,0.2979051570528721,0.03544998719081208,0.04458008243554461,0.2979051570528721
0.03544998719081206,0.044580082435544593,0.2979051570528721,0.03544998719081208,0.04458008243554461,0.2979051570528721
0.03544998719081206,0.044580082435544593,0.2979051570528721,0.03544998719081208,0.04458008243554461,0.2979051570528721
0.03544998719081206,0.044580082435544593,0.2979051570528721,0.03544998719081208,0.04458008243554461,0.2979051570528721
0.03544998719081206,0.044580082435544593,0.2979051570528721,0.03544998719081208,0.04458008243554461,0.2979051570528721
0.03544998719081206,0.044580082435544593,0.2979051570528721,0.03544998719081208,0.04458008243554461,0.2979051570528721
0.03544998719081206,0.044580082435544593,0.2979051570528721,0.03544998719081208,0.04458008243554461,0.2979051570528721
0.03544998719081206,0.044580082435544593,0.2979051570528721,0.03544998719081208,0.04458008243554461,0.2979051570528721
0.03544998719081206,0.044580082435544593,0.2979051570528721,0.03544998719081208,0.04458008243554461,0.2979051570528721
0.03544998719081206,0.044580082435544593,0.2979051570528721,0.03544998719081208,0.04458008243554461,0.2979051570528721
0.03544998719081206,0.044580082435544593,0.2979051570528721,0.03544998719081208,0.04458008243554461,0.2979051570528721
0.03544998719081206,0.044580082435544593,0.2979051570528721,0.03544998719081208,0.04458008243554461,0.2979051570528721
