3.729655473350135e-17,-6.938893903907228e-18,0.31050900000000003,3.729655473350135e-17,0.0019011749896873271,0.31050165054583123
1.9161470322247038e-05,0.001960337126826802,0.3104967723178021,2.4643678048145816e-06,0.005997656280532634,0.3104358406879568
7.663712490604737e-05,0.003919851789727315,0.310460090740225,2.90232029554016e-05,0.010641219303447805,0.31027835834788886
0.0001724006985182368,0.0058777218958543966,0.3103989596741359,0.00011313591733960824,0.014961582179212653,0.3100511047338946
0.00030640842881934915,0.007833126094353958,0.3103133864637038,0.00027287629070705697,0.018618342374757686,0.30979415098425794
0.00047859907593142577,0.009785244146950166,0.3102033813894858,0.0005053299726549523,0.021598878173975444,0.3095349887836936
0.0006888939498207241,0.011733257298035442,0.3100689576671463,0.0007968044439375897,0.024045595936969345,0.30928199270363815
0.0009371969454833725,0.013676348644103628,0.3099101314458131,0.0011336152750042235,0.026140407931710203,0.3090307703806414
0.0012233945859182862,0.015613703502359053,0.30972692180606604,0.0015071525014104265,0.028042712541517318,0.3087721206480094
0.0015473560728684246,0.017544509778340628,0.30951935075756254,0.0019140892234772704,0.0298659727465952,0.30849714316057997
0.0019089333453078793,0.019467958332395854,0.30928744323629775,0.002354505512884985,0.03167723585719973,0.30819936482231763
0.0023079611456491003,0.02138324334484326,0.3090312271014998,0.0028299027909278757,0.033507263345809,0.3078750328532586
0.002744257093640675,0.02328956267965978,0.30875073313216267,0.0033418856395286073,0.0353632475232036,0.3075225898857812
0.0032176217679233616,0.025186118246533475,0.30844599502321446,0.003891552190322122,0.037239867397362195,0.3071419278491825
0.003727838795207815,0.02707211636111749,0.30811704938132345,0.004479367750544157,0.03912711678962509,0.30673370657911286
0.004274674947035301,0.028946768103329898,0.30776393572034033,0.005105282227344519,0.04101491315133062,0.3062988480760199
0.004857880244077731,0.030809289673535925,0.3073866964563814,0.005768922549181942,0.04289521151149241,0.305838224784479
0.005477188067931673,0.0326589027464575,0.30698537690254685,0.006469767218476816,0.04476251148308466,0.30535251250877987
0.006132315280356237,0.03449483482264947,0.3065600252632819,0.007207266287115364,0.04661352065807104,0.304842158806488
0.006822962349902746,0.0363163195773914,0.30611069262837587,0.00798090396859589,0.04844651008401316,0.30430741685750096
0.007548813485879815,0.03812259720683451,0.30563743296660334,0.008790217277374739,0.05026067408932506,0.3037484049584803
0.008309536779594328,0.03991291477125413,0.305140303119006,0.009634788325948843,0.05205563529614053,0.30316516583254527
0.009104784352806646,0.04168652653525248,0.3046193627918182,0.01051422550762935,0.05383112627210677,0.30255771287398076
0.009934192513333412,0.043442694304761914,0.3040746745490357,0.011428143805989199,0.05558682257122194,0.301926059832205
0.010797381917730334,0.04518068776069986,0.30350630380462756,0.012376149485478598,0.05732228183601576,0.3012702358785349
0.011693957740981522,0.04689978478912362,0.30291431881439534,0.01335783068191594,0.0590369446744234,0.30059029023811495
0.012623509853121625,0.0485992718077428,0.3022987906674772,0.014372753214890508,0.06073016341296048,0.29988629072951223
0.013585613002712047,0.05027844408864093,0.3016597932775008,0.015420460037492556,0.06240123712708217,0.2991583196655123
0.014579827007090089,0.05193660607706449,0.3009974033733829,0.01650047267941085,0.0640494417591732,0.29840646937017024
0.015605696949307156,0.053573071706136885,0.30031170048978095,0.017612293404518697,0.06567405135525368,0.29763083848702476
0.016662753381668456,0.05518716470735801,0.2996027669571939,0.018755407286451524,0.06727435060958604,0.29683152947143154
0.01775051253578482,0.05677821891675064,0.2988706878917166,0.01992928382935482,0.06884964074596253,0.2960086471960599
0.018868476539043194,0.05834557857651846,0.29811555118444616,0.021133378055514393,0.07039924114242263,0.2951622983910348
0.020016133637400114,0.05988859863208068,0.29733744749054475,0.02236713114396429,0.07192248873814504,0.29429259160202725
0.02119295842439995,0.06140664502435131,0.2965364702179575,0.02362997076431922,0.07341873663838579,0.29339963740117875
0.022398412076316685,0.06289909497713475,0.2957127155157884,0.02492131124653789,0.0748873527348569,0.29248354866887616
0.02363194259331395,0.06436533727950551,0.2948662822623359,0.026240553693620244,0.07632771870563011,0.2915444408441735
0.024892985046518948,0.06580477256305245,0.293997272052788,0.027587086103600816,0.07773922947250474,0.29058243210215895
0.026180961830898877,0.06721681357385899,0.29310578918658015,0.0289602835324552,0.07912129304723017,0.2895976434544926
0.027495282923828794,0.06860088543910087,0.29219194065441784,0.030359508305536142,0.08047333064725536,0.2885901987881426
0.02883534614923696,0.06995642592814193,0.2912558361249623,0.03178411027177988,0.08179477696553385,0.287560224862924
0.03020053744721012,0.07128288570801243,0.29029758793118593,0.03323342708969923,0.0830850805065018,0.2865078512865272
0.031590231148939614,0.072579728593155,0.28931731105639447,0.03470678453406246,0.08434370393242854,0.2854332104806995
0.03300379025688714,0.07384643178932765,0.28831512311992114,0.03620349681452767,0.08557012439125102,0.28433643764685307
0.034440566730045696,0.07508248613155555,0.2872911443624923,0.03772286690054102,0.08676383381554831,0.28321767073503157
0.035899901774169754,0.07628739631602455,0.2862454976312678,0.039264186849491775,0.08792433919293728,0.28207705041724623
0.03738112613684589,0.07746068112581393,0.28517830836455743,0.04082673813703225,0.08905116281284961,0.28091472006462054
0.03888356040727442,0.07860187365036743,0.2840897045762154,0.04240979198959622,0.09014384249561541,0.2797308257271606
0.04040651532062778,0.07971052149860447,0.28297981683971457,0.044012609719644914,0.09120193180885412,0.2785255161149477
0.041949292066852446,0.08078618700557685,0.2818487782719028,0.0456344430642574,0.09222500027462062,0.2772989425798049
0.043511182603776406,0.0818284474325782,0.28069672451644456,0.047274534527552745,0.0932126335692584,0.2760512590968203
0.04509146997438599,0.08283689516061854,0.2795237937269459,0.04893211772723102,0.09416443371678947,0.2747826222453968
0.046689428628127846,0.08381113787717355,0.27833012654977135,0.050606417745324817,0.09508001927595898,0.2734931911897102
0.04830432474609789,0.08475079875613067,0.27711586610654826,0.05229665148310729,0.09595902552069475,0.2721831276585799
0.04993541656997099,0.08565551663084671,0.27588115797636564,0.05400202802000844,0.09680110461361366,0.2708525959248079
0.051581954734526224,0.08652494616024224,0.2746261501776669,0.0557217489763437,0.0976059257722193,0.26950176278406535
0.05324318260362075,0.08735875798785754,0.2733509931498408,0.05745500887964375,0.09837317542750491,0.2681307975333855
0.05491833660946411,0.08815663889379961,0.2720558397345106,0.05920099553437409,0.099102557374752,0.26673987194931176
0.0566066465950416,0.0889182919395104,0.2707408451565268,0.06095889039484458,0.09979379291638593,0.2653291602657276
0.058307336159536205,0.08964343660529425,0.26940616700466236,0.06269269815783354,0.10039030174988987,0.2639591953175817
0.05918073595489038,0.08906925209221257,0.26940616700466236,0.06427513551502846,0.1006973868201391,0.26285345658827586
0.06004848188602666,0.0884865582990552,0.26940616700466236,0.06565434758646714,0.10065278185038867,0.2621113637528263
0.060910491052359295,0.0878954108937948,0.26940616700466236,0.06685052715964608,0.10030803876095278,0.2617014043585276
0.06176668110136773,0.08729586635202444,0.26940616700466236,0.06791285950966945,0.09975348322239606,0.2615347975938318
0.06261697023646376,0.08668798195156226,0.26940616700466236,0.06889284633335034,0.09907568224355488,0.26151595533211225
0.06346127722480639,0.08607181576697934,0.26940616700466236,0.06983142605199393,0.09833946819755665,0.26156800174730555
0.06429952140506226,0.08544742666405179,0.26940616700466236,0.07075534446258402,0.09758494591352425,0.26164013595673735
0.06513162269511182,0.08481487429413649,0.26940616700466236,0.07167865334943646,0.09683187411035359,0.2617049154571225
0.06595750159969979,0.08417421908847254,0.26940616700466236,0.07260628852475719,0.09608636015598376,0.26175165773839676
0.06677707921802988,0.0835255222524082,0.26940616700466236,0.07353781941707821,0.09534704682893315,0.26177964752568017
0.06759027725130286,0.08286884575955299,0.26940616700466236,0.07447042381095861,0.0946096246003595,0.2617928191560297
0.06839701801019646,0.08220425234585758,0.26940616700466236,0.0754008169720467,0.09386953222614791,0.26179631038097767
0.06919722442228789,0.08153180550361984,0.26940616700466236,0.0763262491779381,0.09312321113733088,0.2617946372221724
0.06999082003941652,0.08085156947541947,0.26940616700466236,0.07724484078197533,0.09236841997990021,0.261791011297911
0.07077772904498786,0.08016360924798022,0.2694061670046623,0.07815553356420343,0.09160405810482539,0.26178732685897793
0.07155787626121651,0.07946799054596132,0.26940616700466236,0.07905787645794286,0.09082981400145707,0.2617844532927683
0.07233118715630822,0.07876477982567896,0.26940616700466236,0.07995178482206582,0.09004582032067976,0.261782599540857
0.07309758785158062,0.07805404426875671,0.2694061670046623,0.08083734361935324,0.0892523943329784,0.26178162853774606
0.07385700512852093,0.0773358517757075,0.26940616700466236,0.08171467677303289,0.08844987837886312,0.2617812778305703
0.07460936643578121,0.07661027095944703,0.26940616700466236,0.08258387760987676,0.08763856292404774,0.26178128778591464
0.0753545998961094,0.07587737113873833,0.26940616700466236,0.08344498383562358,0.08681866479680475,0.26178145894887134
0.07609263431321629,0.0751372223315695,0.26940616700466236,0.08429797902328874,0.08599033524729117,0.2617816643560718
0.07682339917857711,0.07438989524846482,0.26940616700466236,0.08514280609308465,0.08515367941542816,0.2617818386768914
0.07754682467816786,0.07363546128572887,0.26940616700466236,0.08597938325081739,0.08430877626649426,0.26178195932692694
0.07826284169913478,0.07287399251862585,0.26940616700466236,0.08680761737711384,0.08345569398847619,0.2617820282247185
0.07897138183639722,0.07210556169449425,0.26940616700466236,0.08762741312395983,0.08259449968685875,0.26178205797125587
0.0796723773991829,0.07133024222579604,0.26940616700466236,0.08843867789827677,0.08172526420840485,0.2617820631627534
0.0803657614174944,0.07054810818310396,0.26940616700466236,0.08924132376727091,0.08084806362288852,0.2617820559969691
0.08105146764850743,0.06975923428802475,0.26940616700466236,0.09003526748039029,0.07996297884255625,0.2617820448211616
0.08172943058289947,0.06896369590606057,0.26940616700466236,0.09082042960195094,0.07907009448682664,0.2617820343434282
0.08239958545110793,0.0681615690394091,0.26940616700466236,0.09159673342559173,0.07816949767045463,0.2617820265515056
0.08306186822951832,0.06735293031970255,0.26940616700466236,0.09236410403609749,0.07726127703986216,0.2617820217453175
0.08371621564658047,0.06653785700068651,0.26940616700466236,0.09312246765685296,0.07634552214628336,0.2617820193879959
0.08436256518885327,0.06571642695083971,0.26940616700466236,0.09387175128277071,0.07542232311685033,0.2617820186822283
0.08500085510697714,0.0648887186459345,0.26940616700466236,0.09461188253348422,0.07449177053617488,0.2617820188915863
0.08563102442157303,0.0640548111615399,0.2694061670046623,0.09534278964586147,0.07355395544946909,0.26178201947329705
0.08625301292906824,0.06321478416546687,0.26940616700466236,0.09606440153591622,0.07260896941837455,0.2617820200952034
0.08686676120744796,0.062368717910157294,0.26940616700466236,0.0967766478812811,0.07165690458586763,0.2617820205961174
0.08747221062193239,0.06151669322501711,0.26940616700466236,0.09747945919643985,0.07069785372822797,0.26178202092927766
0.08806930333057796,0.06065879150869415,0.26940616700466236,0.09814405603960685,0.06977231352793291,0.2617820211108065
0.08806930333057796,0.06065879150869415,0.26940616700466236,0.09866857682333895,0.06902856965307817,0.26178202118202776
0.08806930333057796,0.06065879150869415,0.26940616700466236,0.09901523760491375,0.06853038904469505,0.26178202118657234
0.08806930333057796,0.06065879150869415,0.26940616700466236,0.09920540029704156,0.06825481721344735,0.26178202115937715
0.08806930333057796,0.06065879150869415,0.26940616700466236,0.09928297045358675,0.06814193506948166,0.2617820211235884
0.08806930333057796,0.06065879150869415,0.26940616700466236,0.09929255846417878,0.0681279632853056,0.26178202109177506
0.08806930333057796,0.06065879150869415,0.26940616700466236,0.09926937834184751,0.06816173469871217,0.26178202106884496
0.08806930333057796,0.06065879150869415,0.26940616700466236,0.09923664845713731,0.06820937735153498,0.26178202105509074
0.08806930333057796,0.06065879150869415,0.26940616700466236,0.09920699901241017,0.06825249374677589,0.2617820210486158
0.08806930333057796,0.06065879150869415,0.26940616700466236,0.09918543935620167,0.06828382073671838,0.2617820210469355
0.08806930333057796,0.06065879150869415,0.26940616700466236,0.0991724038940013,0.06830275147670208,0.2617820210478443
0.08806930333057796,0.06065879150869415,0.26940616700466236,0.09916616141879797,0.06831181436418864,0.2617820210497527
0.08806930333057796,0.06065879150869415,0.26940616700466236,0.09916439447013833,0.06831437931221483,0.2617820210517059
0.08806930333057796,0.06065879150869415,0.26940616700466236,0.09916504549942497,0.0683134342720273,0.26178202105325266
0.08806930333057796,0.06065879150869415,0.26940616700466236,0.09916663978691248,0.06831111991522962,0.261782021054273
0.08806930333057796,0.06065879150869415,0.26940616700466236,0.09916829904510749,0.06830871112187972,0.2617820210548269
0.08806930333057796,0.06065879150869415,0.26940616700466236,0.09916961253913964,0.06830680419619725,0.26178202105504367
0.08806930333057796,0.06065879150869415,0.26940616700466236,0.09917047321377098,0.06830555462980423,0.26178202105505705
0.08806930333057796,0.06065879150869415,0.26940616700466236,0.09917093514581637,0.06830488396231005,0.2617820210549729
0.08806930333057796,0.06065879150869415,0.26940616700466236,0.09917111284853282,0.06830462595785605,0.26178202105486176
0.08806930333057796,0.06065879150869415,0.26940616700466236,0.09917112220658265,0.06830461237124626,0.2617820210547621
0.08806930333057796,0.06065879150869415,0.26940616700466236,0.09917105353086896,0.06830471208122929,0.2617820210546892
0.08806930333057796,0.06065879150869415,0.26940616700466236,0.09917096518700047,0.0683048403468663,0.2617820210546444
0.08806930333057796,0.06065879150869415,0.26940616700466236,0.09917088794192827,0.06830495249792341,0.26178202105462234
0.08806930333057796,0.06065879150869415,0.26940616700466236,0.0991708331620505,0.06830503203188272,0.26178202105461557
0.08806930333057796,0.06065879150869415,0.26940616700466236,0.09917080089543205,0.06830507887914745,0.2617820210546173
0.08806930333057796,0.06065879150869415,0.26940616700466236,0.0991707860749986,0.06830510039661138,0.2617820210546226
0.08806930333057796,0.06065879150869415,0.26940616700466236,0.0991707824722158,0.068305105627397,0.2617820210546286
0.08806930333057796,0.06065879150869415,0.26940616700466236,0.0991707847426242,0.0683051023310236,0.2617820210546334
0.08806930333057796,0.06065879150869415,0.26940616700466236,0.09917078914848623,0.06830509593423437,0.26178202105463677
0.08806930333057796,0.06065879150869415,0.26940616700466236,0.09917079352150496,0.06830508958513315,0.2617820210546388
0.08806930333057796,0.06065879150869415,0.26940616700466236,0.09917079689126435,0.06830508469264623,0.26178202105463966
0.08806930333057796,0.06065879150869415,0.26940616700466236,0.0991707990469044,0.06830508156291604,0.26178202105463994
0.08806930333057796,0.06065879150869415,0.26940616700466236,0.09917080016776482,0.06830507993556227,0.2617820210546397
0.08806930333057796,0.06065879150869415,0.26940616700466236,0.09917080056861736,0.06830507935357374,0.2617820210546394
0.08806930333057796,0.06065879150869415,0.26940616700466236,0.09917080055416082,0.06830507937456395,0.2617820210546391
0.08806930333057796,0.06065879150869415,0.26940616700466236,0.09917080035567935,0.06830507966273588,0.2617820210546389
0.08806930333057796,0.06065879150869415,0.26940616700466236,0.09917080011907138,0.06830508000626276,0.2617820210546387
0.08806930333057796,0.06065879150869415,0.26940616700466236,0.09917079991875061,0.06830508029710457,0.26178202105463866
0.08806930333057796,0.06065879150869415,0.26940616700466236,0.0991707997800736,0.06830508049844698,0.26178202105463866
0.08806930333057796,0.06065879150869415,0.26940616700466236,0.09917079970054175,0.06830508061391763,0.26178202105463866
0.08806930333057796,0.06065879150869415,0.26940616700466236,0.0991707996656596,0.06830508066456235,0.26178202105463866
0.08806930333057796,0.06065879150869415,0.26940616700466236,0.09917079965879769,0.06830508067452505,0.26178202105463866
0.08806930333057796,0.06065879150869415,0.26940616700466236,0.09917079966612308,0.06830508066388938,0.26178202105463866
0.08806930333057796,0.06065879150869415,0.26940616700466236,0.09917079967819084,0.06830508064636845,0.26178202105463866
0.08806930333057796,0.06065879150869415,0.26940616700466236,0.09917079968966949,0.06830508062970281,0.26178202105463866
0.08806930333057796,0.06065879150869415,0.26940616700466236,0.09917079969828793,0.06830508061718978,0.26178202105463866
0.08806930333057796,0.06065879150869415,0.26940616700466236,0.09917079970366846,0.06830508060937797,0.26178202105463866
0.08806930333057796,0.06065879150869415,0.26940616700466236,0.09917079970637259,0.06830508060545187,0.26178202105463866
0.08806930333057796,0.06065879150869415,0.26940616700466236,0.09917079970725852,0.06830508060416564,0.26178202105463866
0.08806930333057796,0.06065879150869415,0.26940616700466236,0.09917079970712425,0.06830508060436057,0.26178202105463866
0.08806930333057796,0.06065879150869415,0.26940616700466236,0.09917079970656022,0.06830508060517941,0.26178202105463866
0.08806930333057796,0.06065879150869415,0.26940616700466236,0.0991707997059299,0.06830508060609457,0.26178202105463866
0.08806930333057796,0.06065879150869415,0.26940616700466236,0.09917079970541216,0.0683050806068463,0.26178202105463866
0.08806930333057796,0.06065879150869415,0.26940616700466236,0.0991707997050622,0.06830508060735441,0.26178202105463866
0.08806930333057796,0.06065879150869415,0.26940616700466236,0.099170799704867,0.06830508060763775,0.26178202105463866
0.08806930333057796,0.06065879150869415,0.26940616700466236,0.09917079970478572,0.06830508060775581,0.26178202105463866
0.08806930333057796,0.06065879150869415,0.26940616700466236,0.09917079970477424,0.06830508060777253,0.26178202105463866
0.08806930333057796,0.06065879150869415,0.26940616700466236,0.09917079970479672,0.06830508060773981,0.26178202105463866
0.08806930333057796,0.06065879150869415,0.26940616700466236,0.09917079970482952,0.06830508060769218,0.26178202105463866
0.08806930333057796,0.06065879150869415,0.26940616700466236,0.09917079970485954,0.06830508060764863,0.26178202105463866
0.08806930333057796,0.06065879150869415,0.26940616700466236,0.09917079970488152,0.06830508060761672,0.26178202105463866
0.08806930333057796,0.06065879150869415,0.26940616700466236,0.09917079970489491,0.0683050806075973,0.26178202105463866
0.08806930333057796,0.06065879150869415,0.26940616700466236,0.0991707997049014,0.06830508060758786,0.26178202105463866
0.08806930333057796,0.06065879150869415,0.26940616700466236,0.09917079970490332,0.0683050806075851,0.26178202105463866
0.08806930333057796,0.06065879150869415,0.26940616700466236,0.09917079970490274,0.068305080607586,0.26178202105463866
0.08806930333057796,0.06065879150869415,0.26940616700466236,0.09917079970490116,0.06830508060758828,0.26178202105463866
0.08806930333057796,0.06065879150869415,0.26940616700466236,0.09917079970489946,0.0683050806075907,0.26178202105463866
0.08806930333057796,0.06065879150869415,0.26940616700466236,0.09917079970489813,0.0683050806075926,0.26178202105463866
0.08806930333057796,0.06065879150869415,0.26940616700466236,0.09917079970489726,0.06830508060759388,0.26178202105463866
0.08806930333057796,0.06065879150869415,0.26940616700466236,0.09917079970489676,0.06830508060759459,0.26178202105463866
0.08806930333057796,0.06065879150869415,0.26940616700466236,0.09917079970489658,0.06830508060759487,0.26178202105463866
0.08806930333057796,0.06065879150869415,0.26940616700466236,0.09917079970489656,0.0683050806075949,0.26178202105463866
0.08806930333057796,0.06065879150869415,0.26940616700466236,0.09917079970489666,0.06830508060759481,0.26178202105463866
0.08806930333057796,0.06065879150869415,0.26940616700466236,0.09917079970489673,0.06830508060759466,0.26178202105463866
0.08806930333057796,0.06065879150869415,0.26940616700466236,0.09917079970489678,0.06830508060759452,0.26178202105463866
0.08806930333057796,0.06065879150869415,0.26940616700466236,0.09917079970489688,0.06830508060759448,0.26178202105463866
0.08806930333057796,0.06065879150869415,0.26940616700466236,0.09917079970489688,0.06830508060759444,0.26178202105463866
0.08806930333057796,0.06065879150869415,0.26940616700466236,0.09917079970489692,0.06830508060759438,0.26178202105463866
0.08806930333057796,0.06065879150869415,0.26940616700466236,0.09917079970489692,0.06830508060759438,0.26178202105463866
0.08806930333057796,0.06065879150869415,0.26940616700466236,0.09917079970489692,0.06830508060759438,0.26178202105463866
0.08806930333057796,0.06065879150869415,0.26940616700466236,0.09917079970489692,0.06830508060759438,0.26178202105463866
0.08806930333057796,0.06065879150869415,0.26940616700466236,0.0991707997048969,0.06830508060759441,0.26178202105463866
0.08806930333057796,0.06065879150869415,0.26940616700466236,0.0991707997048969,0.06830508060759441,0.26178202105463866
0.08806930333057796,0.06065879150869415,0.26940616700466236,0.0991707997048969,0.06830508060759441,0.26178202105463866
0.08806930333057796,0.06065879150869415,0.26940616700466236,0.0991707997048969,0.06830508060759441,0.26178202105463866
0.08806930333057796,0.06065879150869415,0.26940616700466236,0.0991707997048969,0.06830508060759441,0.26178202105463866
0.08806930333057796,0.06065879150869415,0.26940616700466236,0.0991707997048969,0.06830508060759441,0.26178202105463866
0.08806930333057796,0.06065879150869415,0.26940616700466236,0.0991707997048969,0.06830508060759441,0.26178202105463866
0.08806930333057796,0.06065879150869415,0.26940616700466236,0.0991707997048969,0.06830508060759441,0.26178202105463866
0.08806930333057796,0.06065879150869415,0.26940616700466236,0.0991707997048969,0.06830508060759441,0.26178202105463866
0.08806930333057796,0.06065879150869415,0.26940616700466236,0.0991707997048969,0.06830508060759441,0.26178202105463866
0.08806930333057796,0.06065879150869415,0.26940616700466236,0.0991707997048969,0.06830508060759441,0.26178202105463866
0.08806930333057796,0.06065879150869415,0.26940616700466236,0.0991707997048969,0.06830508060759441,0.26178202105463866
0.08806930333057796,0.06065879150869415,0.26940616700466236,0.0991707997048969,0.06830508060759441,0.26178202105463866
0.08806930333057796,0.06065879150869415,0.26940616700466236,0.0991707997048969,0.06830508060759441,0.26178202105463866
0.08806930333057796,0.06065879150869415,0.26940616700466236,0.0991707997048969,0.06830508060759441,0.26178202105463866
0.08806930333057796,0.06065879150869415,0.26940616700466236,0.0991707997048969,0.06830508060759441,0.26178202105463866
0.08806930333057796,0.06065879150869415,0.26940616700466236,0.0991707997048969,0.06830508060759441,0.26178202105463866
0.08806930333057796,0.06065879150869415,0.26940616700466236,0.0991707997048969,0.06830508060759441,0.26178202105463866
0.08806930333057796,0.06065879150869415,0.26940616700466236,0.0991707997048969,0.06830508060759441,0.26178202105463866
0.08806930333057796,0.06065879150869415,0.26940616700466236,0.0991707997048969,0.06830508060759441,0.26178202105463866
0.08491894194450894,0.05963855373345257,0.27141768339554223,0.09903193232591193,0.06826585150426061,0.2618818367224073
0.08176454138852791,0.05854440442233849,0.2733741815672336,0.09824474020862083,0.06803928311623283,0.2624463474673088
0.07860820861788434,0.05737651314241063,0.27527497237756704,0.09659222441589987,0.06754629322414574,0.26362078533803995
0.07545204891607196,0.05613510621221481,0.2771193861096791,0.09415201149122517,0.06677903873834909,0.26532663516551
0.07229816429928926,0.05482046660744169,0.2789067727182351,0.09112792118198461,0.06576558548858628,0.2673926320665905
0.06914865192373329,0.05343293382177877,0.2806365020681283,0.08773975647691803,0.06454936267550608,0.26964393327331193
0.06600560249699791,0.051972903683056584,0.2823079641655653,0.08416764015214902,0.06317575324166494,0.271944974080395
0.06287109869485318,0.05044082812483275,0.28392056938144594,0.08053456028335237,0.0616832255362986,0.2742092081398272
0.05974721358466939,0.04883721491358708,0.28547374866695263,0.07691077416802315,0.06009899679143377,0.27639150868012946
0.05663600905675014,0.04716262733174213,0.2869669537612659,0.07332748587528011,0.05843872835016484,0.27847494621377145
0.05353953426482784,0.04541768381675707,0.28839965739132556,0.06979179001209747,0.05670881705744258,0.2804584219080967
0.05045982407697074,0.04360305755657942,0.2897713534635615,0.06629885690839812,0.05490965222744464,0.28234765777383375
0.047398897538138564,0.04171947604177454,0.291081557247519,0.06284012431512254,0.05303864303433406,0.2841497599992093
0.044358756345617985,0.0397677205746887,0.29232980555131066,0.05940783428822145,0.05109243178988148,0.28587058479944216
0.041341383338554416,0.03774862573603527,0.2935156568888242,0.05599689565236348,0.04906819125319008,0.28751391703876444
0.03834874100278842,0.035663078809330624,0.2946386916386266,0.052605119991307236,0.04696417211167142,0.28908161516426367
0.035382769992187965,0.03351201916363607,0.2956985121945007,0.04923267143806064,0.044779756429410816,0.2905741346769562
0.03244538766766109,0.03129643759510419,0.2966947431075582,0.04588128631624489,0.04251525512743976,0.2919910897858593
0.029538486655009893,0.029017375627850877,0.2976270312198766,0.042553564693855524,0.04017162365933872,0.2933316985401307
0.026663933422778792,0.026675924774717676,0.2984950457896076,0.03925245322292038,0.037750199360112285,0.294595072828841
0.023823566881228903,0.024273225758514497,0.2992984786075117,0.03598092951838773,0.03525250628157172,0.29578037360139964
0.021019197003555007,0.021810467694368525,0.30003704410487425,0.03274184707467911,0.03268013501344632,0.2968868720906671
0.018252603470441556,0.01928888723383546,0.3007104794527643,0.02953788609313967,0.030034684671274754,0.2979139568219828
0.015525534339036447,0.01670976767146069,0.30131854465259866,0.02637156192519572,0.027317747203587633,0.2988611162423249
0.01283970473740006,0.014074438014508623,0.3018610226179777,0.023245256641056006,0.02453091516074514,0.2997279154143692
0.010196795585465594,0.011384272016607314,0.30233771924776476,0.02016125321840387,0.02167579871558134,0.30051397595559237
0.007598452343526326,0.00864068717608667,0.3027484634903822,0.017121762714279846,0.018754043099329508,0.30121896227389405
0.005046283789240751,0.005845143699815038,0.30309310739930057,0.014128941784157254,0.01576734213909235,0.3018425738321817
0.0025418608241241504,0.0029991434333681666,0.3033715261797046,0.0111849015991697,0.012717446690914423,0.302384541846851
8.671531047081465e-05,0.00010422875839189295,0.3035836182263169,0.00829171059235287,0.00960616850400104,0.3028446286596956
-0.002317661060375076,-0.0028380185419545362,0.30372930515237073,0.005451393513065743,0.006435380757159746,0.30322262838638664
-0.004669817867506558,-0.005825978448560811,0.30380853180972106,0.0026659287218185504,0.0032070165673306126,0.30351836794111087
-0.006968347026833499,-0.008857993901995827,0.30382126630009015,-6.275502361113502e-05,-7.693348883130416e-05,0.30373170796690774
-0.009211883823514613,-0.01193237202724194,0.3037674999774463,-0.002732781622769888,-0.0034144241498265298,0.30386254349715214
-0.011399107909633435,-0.015047385386549771,0.30364724744151733,-0.005342330265281119,-0.006803358165484462,0.30391080434016726
-0.01352874426633382,-0.018201273259402267,0.3034605465224455,-0.007889637614031766,-0.010241588768125651,0.3038764552500563
-0.01559956412966397,-0.02139224294855956,0.30320745825659157,-0.010372999617840332,-0.013726921910158577,0.30375949596039187
-0.017610385879404965,-0.024618471111131992,0.30288806685350333,-0.012790773059588336,-0.017257118324479244,0.3035599611435998
-0.019560075890193256,-0.02787810511361207,0.30250247965406196,-0.015141376932330197,-0.020829895480951748,0.30327792033715517
-0.021447549344273575,-0.031169264409771653,0.30205082707982917,-0.017423293708361525,-0.024442929503302735,0.3029134778581863
-0.023271771005255657,-0.034490041940319585,0.3015332625736149,-0.019635070539214424,-0.028093857092013067,0.30246677271443223
-0.02503175595227433,-0.037838505553190335,0.30094996253129686,-0.021775320404106322,-0.031780277479728974,0.3019379785117649
-0.026726570273991144,-0.04121269944332388,0.3003011262249185,-0.023842723211535882,-0.035499754430802555,0.3013273033551979
-0.028355331721903403,-0.04461064561077736,0.2995869757171004,-0.025836026852096936,-0.03924981828684142,0.3006349897397179
-0.02991721032246397,-0.04803034533599736,0.29880775576680413,-0.027754048198135744,-0.043027968054958815,0.2998613144279757
-0.03141142894754671,-0.0514697806710666,0.29796373372648705,-0.02959567404573104,-0.0468316735333909,0.2990065883129432
-0.032837263842827785,-0.054926915945726865,0.29705519943069253,-0.031359861995334096,-0.05065837746901687,0.298071156264596
-0.03419404511368713,-0.05839969928696884,0.2960824650761255,-0.03304564126845917,-0.05450549774201931,0.2970553969603548
-0.035481157168269876,-0.06188606415096862,0.29504586509326086,-0.03465211345872103,-0.058370429573857026,0.29595972269939635
-0.03669803911738157,-0.06538393086614043,0.29394575600954204,-0.0361784532161428,-0.0622505477555167,0.2947845792011142
-0.037844185130928215,-0.06889120818606914,0.2927825163042256,-0.037623908864045964,-0.066143208893581,0.293530445388038
-0.03891914475064561,-0.07240579485107518,0.29155654625493405,-0.03898780294804214,-0.07004575367196954,0.2921978331534947
-0.039922523158900707,-0.07592558115716132,0.2902682677759803,-0.04026953271675662,-0.07395550912736687,0.2907872871142424
-0.040853981403381506,-0.07944845053108357,0.288918124248532,-0.041468570533968546,-0.07786979093637468,0.28929938434826763
-0.04171323657752934,-0.08297228111028417,0.2875065803426862,-0.042584464221898974,-0.08178590571241595,0.28773473411790174
-0.0425000619566045,-0.08649494732642286,0.2860341218315285,-0.043616837335417755,-0.08570115331036296,0.2860939775784028
-0.04321428708930906,-0.09001432149123853,0.284501255397254,-0.044565389366993086,-0.08961282913683127,0.28437778747213877
-0.04385579784493204,-0.09352827538347319,0.2829085084294302,-0.04542989588226148,-0.09351822646404047,0.28258686780851644
-0.044424536416013814,-0.09703468183559008,0.28125642881548585,-0.04624789518802931,-0.0973967525644309,0.2807219535298047
-0.04583586325393496,-0.10011738481309021,0.2795455847235107,-0.04716583423491793,-0.10117876059832384,0.27878381016300846
-0.047234174335392926,-0.10317165801080762,0.27777656437745846,-0.04826434612692964,-0.10482929998843556,0.2767732334579623
-0.04861903218146434,-0.1061965458615815,0.27594997582484304,-0.04954287179269934,-0.10835077980939468,0.27469104901181735
-0.04999000437800253,-0.1091911038610335,0.2740664466970241,-0.05095873250764468,-0.11176309064948858,0.2725381118801071
-0.05134666373081154,-0.11215439890650858,0.27212662396218246,-0.05245735498227372,-0.11509020776055921,0.27031530617458016
-0.05268858841871472,-0.11508550963141578,0.2701311736710834,-0.05399015159415612,-0.11835284003017899,0.2680235446480016
-0.054015362144458706,-0.11798352673484197,0.2680807806957349,-0.05552197415248168,-0.12156548842097681,0.2656637682661228
-0.055326574283394776,-0.1208475533063103,0.26597614846104584,-0.05703174594822407,-0.12473628744244725,0.26323694576703516
-0.056621820029881254,-0.12367670514556076,0.2638179986695949,-0.05850965041091376,-0.12786828073954468,0.26074407320811915
-0.05790070054134986,-0.12647011107722875,0.26160707101962327,-0.05995329495692344,-0.13096114682148852,0.25818617350081624
-0.05916282307998205,-0.1292269132603024,0.2593441229163638,-0.06136423870844967,-0.13401277489931565,0.2555642959334462
-0.06040780115194045,-0.13194626749224042,0.25702992917682715,-0.06274546515056822,-0.13702042135002865,0.2528795156823076
-0.061635254644102695,-0.13462734350763383,0.2546652817281636,-0.064099866104167,-0.13998140718060006,0.2501329333112978
-0.06284480995824557,-0.1372693252712993,0.2522509892997232,-0.06542954365459107,-0.14289344037739615,0.247325674260298
-0.06403610014262832,-0.1398714112656907,0.2497878771089406,-0.06673565602608314,-0.14575468786103982,0.2444588883225705
-0.06520876502092551,-0.14243281477252212,0.24727678654117077,-0.06801855599923554,-0.14856371275228414,0.24153374911142644
-0.06636245131845996,-0.1449527641484931,0.24471857482360754,-0.06927803728799299,-0.15131936200932378,0.23855145351641882
-0.06749681278568911,-0.14743050309501488,0.24211411469341482,-0.07051357727215293,-0.15402065575228227,0.2355132211493297
-0.06861151031889719,-0.14986529092183334,0.2394642940602069,-0.07172452406135801,-0.1566667021150785,0.23242029378021684
-0.069706212078048,-0.1522564028044499,0.2367700156630144,-0.07285489101358825,-0.1591357982637329,0.22942050129139596
-0.06949103098201265,-0.1517863916152437,0.23725117851612315,-0.0737078004273833,-0.1609983929369478,0.22706699658738258
-0.06927308144663824,-0.1513103334382214,0.237725095940789,-0.0742097253184459,-0.16209421622193373,0.22562146584251647
-0.06905240574221107,-0.15082832060262502,0.2381916760229589,-0.07440072557691135,-0.16251095629681575,0.22501920912005496
-0.06882904666774498,-0.1503404465925747,0.23865082827162248,-0.07436420774785116,-0.162430868135986,0.2250451060615683
-0.06860304754268094,-0.14984680602893774,0.2391024636363629,-0.07418582152641102,-0.1620410358975339,0.22546006065552582
-0.06837445219848519,-0.1493474946509773,0.2395464945246275,-0.07393439935185647,-0.1614917777723851,0.2260674311300621
-0.06814330497014849,-0.14884260929778442,0.239982834818716,-0.07365658240071361,-0.16088493289550854,0.22673397278080004
-0.06790965068758749,-0.1483322478894962,0.24041139989248278,-0.07337886253822708,-0.16027833447012704,0.22738482546603345
-0.06767353466695028,-0.14781650940830499,0.24083210662774945,-0.07311275167598202,-0.15969710539229787,0.22798803658889438
-0.06743500270182734,-0.14729549387926102,0.24124487343042547,-0.07286038477821466,-0.15914589630598894,0.22853800514145353
-0.06719410105437032,-0.1467693023508732,0.2416496202463328,-0.07261914329354476,-0.15861898203760397,0.2290422011699703
-0.06695087644631953,-0.14623803687551112,0.24204626857673212,-0.07238482094819591,-0.15810717385149817,0.22951231493801105
-0.06670537604994256,-0.1457018004896124,0.24243474149354713,-0.07215342164024596,-0.1576017443260222,0.2299593488554929
-0.0664576474788855,-0.14516069719369948,0.24281496365428468,-0.07192193317872242,-0.1570961159123325,0.23039156089168825
-0.0662077387789383,-0.14461483193220903,0.24318686131664674,-0.0716884626557193,-0.15658615578414217,0.23081414272105916
-0.06595569841871678,-0.14406431057313843,0.24355036235283267,-0.0714520515961304,-0.1560697717193181,0.23122974936438825
-0.06570157528026213,-0.14350923988751346,0.24390539626352792,-0.07121238658348382,-0.1555462799708101,0.23163929543673845
-0.06544541864956065,-0.14294972752868024,0.24425189419157695,-0.07096952630766355,-0.15501580915427887,0.2320426959336897
-0.06518727820698483,-0.1423858820114266,0.24458978893533811,-0.07072369617771747,-0.15447885176187787,0.23243941888327913
-0.06492720401765815,-0.1418178126909358,0.24491901496171659,-0.0704845556447265,-0.15395650651653253,0.2328143164129211
-0.06492720401765815,-0.1418178126909358,0.24491901496171659,-0.0702879977236358,-0.15352717296527785,0.23311444827281483
-0.06492720401765815,-0.1418178126909358,0.24491901496171659,-0.07015160671265,-0.1532292596699823,0.2333185616586605
-0.06492720401765815,-0.1418178126909358,0.24491901496171659,-0.07007197031430687,-0.15305531321211796,0.23343622565562108
-0.06492720401765815,-0.1418178126909358,0.24491901496171659,-0.07003565331229607,-0.15297598755038067,0.23348955912000846
-0.06492720401765815,-0.1418178126909358,0.24491901496171659,-0.07002718675222648,-0.1529574944564248,0.23350201966614953
-0.06492720401765815,-0.1418178126909358,0.24491901496171659,-0.07003343495324214,-0.15297114219201496,0.23349294793052755
-0.06492720401765815,-0.1418178126909358,0.24491901496171659,-0.0700451628527858,-0.1529967589889925,0.23347582453446303
-0.06492720401765815,-0.1418178126909358,0.24491901496171659,-0.07005692343565927,-0.1530224471599383,0.23345860980206745
-0.06492720401765815,-0.1418178126909358,0.24491901496171659,-0.07006618864969512,-0.15304268478958366,0.23344502171850523
-0.06492720401765815,-0.1418178126909358,0.24491901496171659,-0.07007232092279457,-0.15305607925993703,0.23343601502426173
-0.06492720401765815,-0.1418178126909358,0.24491901496171659,-0.07007569347150507,-0.15306344577578812,0.23343105549692436
-0.06492720401765815,-0.1418178126909358,0.24491901496171659,-0.07007706783399809,-0.15306644773556458,0.23342903110138855
-0.06492720401765815,-0.1418178126909358,0.24491901496171659,-0.07007722303670962,-0.1530667867355619,0.23342879933489766
-0.06492720401765815,-0.1418178126909358,0.24491901496171659,-0.07007678012141089,-0.15306581929200297,0.23342944781847363
-0.06492720401765815,-0.1418178126909358,0.24491901496171659,-0.0700761544930635,-0.15306445275673236,0.23343036581313809
-0.06492720401765815,-0.1418178126909358,0.24491901496171659,-0.07007557765672126,-0.15306319279645927,0.23343121279779006
-0.06492720401765815,-0.1418178126909358,0.24491901496171659,-0.07007514650002108,-0.1530622510386055,0.23343184614562834
-0.06492720401765815,-0.1418178126909358,0.24491901496171659,-0.07007487484725693,-0.15306165767880708,0.23343224535614254
-0.06492720401765815,-0.1418178126909358,0.24491901496171659,-0.07007473507491423,-0.1530613523800288,0.23343245088827386
-0.06492720401765815,-0.1418178126909358,0.24491901496171659,-0.07007468624331488,-0.15306124571934832,0.2334325228148688
-0.06492720401765815,-0.1418178126909358,0.24491901496171659,-0.07007468997617675,-0.15306125387300676,0.23343251748080757
-0.06492720401765815,-0.1418178126909358,0.24491901496171659,-0.07007471727320459,-0.15306131349685276,0.23343247748188672
-0.06492720401765815,-0.1418178126909358,0.24491901496171659,-0.07007474966684762,-0.15306138425298677,0.23343242995405286
-0.06492720401765815,-0.1418178126909358,0.24491901496171659,-0.07007477751107988,-0.1530614450720049,0.23343238907891298
-0.06492720401765815,-0.1418178126909358,0.24491901496171659,-0.07007479730618334,-0.1530614883096293,0.2334323600088024
-0.06492720401765815,-0.1418178126909358,0.24491901496171659,-0.07007480914757998,-0.1530615141742946,0.23343234261234785
-0.06492720401765815,-0.1418178126909358,0.24491901496171659,-0.0700748147764696,-0.1530615264692366,0.2334323343376724
-0.06492720401765815,-0.1418178126909358,0.24491901496171659,-0.07007481632527746,-0.15306152985222643,0.233432332055749
-0.06492720401765815,-0.1418178126909358,0.24491901496171659,-0.07007481565277178,-0.15306152838329504,0.23343233303779015
-0.06492720401765815,-0.1418178126909358,0.24491901496171659,-0.07007481409431476,-0.153061524979219,0.2334323353227742
-0.06492720401765815,-0.1418178126909358,0.24491901496171659,-0.07007481245779051,-0.15306152140462556,0.23343233772392782
-0.06492720401765815,-0.1418178126909358,0.24491901496171659,-0.0700748111342596,-0.15306151851369149,0.23343233966651283
-0.06492720401765815,-0.1418178126909358,0.24491901496171659,-0.07007481023817323,-0.1530615165564074,0.23343234098205395
-0.06492720401765815,-0.1418178126909358,0.24491901496171659,-0.07007480973137192,-0.15306151544942273,0.2334323417262901
-0.06492720401765815,-0.1418178126909358,0.24491901496171659,-0.0700748095131121,-0.15306151497268725,0.2334323420469664
-0.06492720401765815,-0.1418178126909358,0.24491901496171659,-0.07007480947514129,-0.1530615148897495,0.23343234210293534
-0.06492720401765815,-0.1418178126909358,0.24491901496171659,-0.0700748095288242,-0.15306151500700702,0.2334323420242973
-0.06492720401765815,-0.1418178126909358,0.24491901496171659,-0.07007480961352824,-0.15306151519202266,0.23343234190006595
-0.06492720401765815,-0.1418178126909358,0.24491901496171659,-0.07007480969453539,-0.1530615153689632,0.23343234178121952
-0.06492720401765815,-0.1418178126909358,0.24491901496171659,-0.07007480975654486,-0.1530615155044079,0.2334323416902317
-0.06492720401765815,-0.1418178126909358,0.24491901496171659,-0.07007480979651914,-0.15306151559172215,0.23343234163157142
-0.06492720401765815,-0.1418178126909358,0.24491901496171659,-0.07007480981775231,-0.15306151563810078,0.23343234160041051
-0.06492720401765815,-0.1418178126909358,0.24491901496171659,-0.07007480982576964,-0.15306151565561263,0.2334323415886429
-0.06492720401765815,-0.1418178126909358,0.24491901496171659,-0.07007480982595157,-0.15306151565601012,0.23343234158837328
-0.06492720401765815,-0.1418178126909358,0.24491901496171659,-0.07007480982246359,-0.15306151564839143,0.2334323415934893
-0.06492720401765815,-0.1418178126909358,0.24491901496171659,-0.070074809818019,-0.15306151563868334,0.23343234160000914
-0.06492720401765815,-0.1418178126909358,0.24491901496171659,-0.07007480981407953,-0.15306151563007844,0.23343234160578796
-0.06492720401765815,-0.1418178126909358,0.24491901496171659,-0.07007480981121468,-0.15306151562382092,0.23343234160999005
-0.06492720401765815,-0.1418178126909358,0.24491901496171659,-0.07007480980945922,-0.1530615156199865,0.23343234161256463
-0.06492720401765815,-0.1418178126909358,0.24491901496171659,-0.07007480980859238,-0.15306151561809309,0.23343234161383547
-0.06492720401765815,-0.1418178126909358,0.24491901496171659,-0.07007480980832238,-0.15306151561750334,0.23343234161423101
-0.06492720401765815,-0.1418178126909358,0.24491901496171659,-0.07007480980838657,-0.15306151561764356,0.23343234161413642
-0.06492720401765815,-0.1418178126909358,0.24491901496171659,-0.07007480980859195,-0.15306151561809217,0.23343234161383497
-0.06492720401765815,-0.1418178126909358,0.24491901496171659,-0.07007480980881893,-0.15306151561858797,0.23343234161350196
-0.06492720401765815,-0.1418178126909358,0.24491901496171659,-0.07007480980900747,-0.15306151561899983,0.23343234161322546
-0.06492720401765815,-0.1418178126909358,0.24491901496171659,-0.07007480980913802,-0.15306151561928494,0.23343234161303408
-0.06492720401765815,-0.1418178126909358,0.24491901496171659,-0.0700748098092138,-0.15306151561945044,0.23343234161292303
-0.06492720401765815,-0.1418178126909358,0.24491901496171659,-0.07007480980924803,-0.15306151561952516,0.23343234161287293
-0.06492720401765815,-0.1418178126909358,0.24491901496171659,-0.07007480980925568,-0.15306151561954195,0.23343234161286175
-0.06492720401765815,-0.1418178126909358,0.24491901496171659,-0.0700748098092494,-0.15306151561952824,0.23343234161287102
-0.06492720401765815,-0.1418178126909358,0.24491901496171659,-0.07007480980923801,-0.1530615156195034,0.23343234161288773
-0.06492720401765815,-0.1418178126909358,0.24491901496171659,-0.0700748098092267,-0.15306151561947862,0.23343234161290433
-0.06492720401765815,-0.1418178126909358,0.24491901496171659,-0.07007480980921778,-0.15306151561945913,0.23343234161291743
-0.06492720401765815,-0.1418178126909358,0.24491901496171659,-0.07007480980921192,-0.15306151561944636,0.233432341612926
-0.06492720401765815,-0.1418178126909358,0.24491901496171659,-0.07007480980920872,-0.15306151561943934,0.23343234161293075
-0.06492720401765815,-0.1418178126909358,0.24491901496171659,-0.07007480980920741,-0.15306151561943654,0.23343234161293264
-0.06492720401765815,-0.1418178126909358,0.24491901496171659,-0.07007480980920729,-0.1530615156194362,0.2334323416129328
-0.06492720401765815,-0.1418178126909358,0.24491901496171659,-0.07007480980920772,-0.15306151561943715,0.23343234161293214
-0.06492720401765815,-0.1418178126909358,0.24491901496171659,-0.07007480980920831,-0.15306151561943854,0.23343234161293128
-0.06492720401765815,-0.1418178126909358,0.24491901496171659,-0.07007480980920888,-0.15306151561943973,0.23343234161293044
-0.06492720401765815,-0.1418178126909358,0.24491901496171659,-0.07007480980920931,-0.15306151561944065,0.23343234161292986
-0.06492720401765815,-0.1418178126909358,0.24491901496171659,-0.07007480980920955,-0.15306151561944117,0.23343234161292947
-0.06492720401765815,-0.1418178126909358,0.24491901496171659,-0.07007480980920969,-0.15306151561944148,0.2334323416129293
-0.06492720401765815,-0.1418178126909358,0.24491901496171659,-0.07007480980920974,-0.1530615156194416,0.2334323416129292
-0.06492720401765815,-0.1418178126909358,0.24491901496171659,-0.07007480980920971,-0.15306151561944156,0.23343234161292925
-0.06492720401765815,-0.1418178126909358,0.24491901496171659,-0.07007480980920971,-0.15306151561944153,0.23343234161292925
-0.06492720401765815,-0.1418178126909358,0.24491901496171659,-0.07007480980920969,-0.15306151561944145,0.2334323416129293
-0.06492720401765815,-0.1418178126909358,0.24491901496171659,-0.07007480980920965,-0.1530615156194414,0.23343234161292933
-0.06492720401765815,-0.1418178126909358,0.24491901496171659,-0.07007480980920962,-0.15306151561944134,0.2334323416129294
-0.06492720401765815,-0.1418178126909358,0.24491901496171659,-0.0700748098092096,-0.15306151561944134,0.2334323416129294
-0.06492720401765815,-0.1418178126909358,0.24491901496171659,-0.0700748098092096,-0.1530615156194413,0.2334323416129294
-0.06492720401765815,-0.1418178126909358,0.24491901496171659,-0.07007480980920962,-0.15306151561944129,0.2334323416129294
-0.06492720401765815,-0.1418178126909358,0.24491901496171659,-0.0700748098092096,-0.1530615156194413,0.2334323416129294
-0.06492720401765815,-0.1418178126909358,0.24491901496171659,-0.0700748098092096,-0.15306151561944129,0.2334323416129294
-0.06492720401765815,-0.1418178126909358,0.24491901496171659,-0.0700748098092096,-0.1530615156194413,0.2334323416129294
-0.06492720401765815,-0.1418178126909358,0.24491901496171659,-0.0700748098092096,-0.15306151561944134,0.2334323416129294
-0.06492720401765815,-0.1418178126909358,0.24491901496171659,-0.0700748098092096,-0.15306151561944134,0.2334323416129294
-0.06492720401765815,-0.1418178126909358,0.24491901496171659,-0.0700748098092096,-0.15306151561944134,0.2334323416129294
-0.06492720401765815,-0.1418178126909358,0.24491901496171659,-0.0700748098092096,-0.15306151561944134,0.2334323416129294
-0.06492720401765815,-0.1418178126909358,0.24491901496171659,-0.0700748098092096,-0.15306151561944134,0.2334323416129294
-0.06492720401765815,-0.1418178126909358,0.24491901496171659,-0.0700748098092096,-0.15306151561944134,0.2334323416129294
-0.06492720401765815,-0.1418178126909358,0.24491901496171659,-0.0700748098092096,-0.15306151561944134,0.2334323416129294
-0.06492720401765815,-0.1418178126909358,0.24491901496171659,-0.0700748098092096,-0.15306151561944134,0.2334323416129294
-0.06492720401765815,-0.1418178126909358,0.24491901496171659,-0.0700748098092096,-0.15306151561944134,0.2334323416129294
-0.06492720401765815,-0.1418178126909358,0.24491901496171659,-0.0700748098092096,-0.15306151561944134,0.2334323416129294
-0.06492720401765815,-0.1418178126909358,0.24491901496171659,-0.0700748098092096,-0.15306151561944134,0.2334323416129294
-0.06492720401765815,-0.1418178126909358,0.24491901496171659,-0.0700748098092096,-0.15306151561944134,0.2334323416129294
-0.06492720401765815,-0.1418178126909358,0.24491901496171659,-0.0700748098092096,-0.15306151561944134,0.2334323416129294
-0.06492720401765815,-0.1418178126909358,0.24491901496171659,-0.0700748098092096,-0.15306151561944134,0.2334323416129294
-0.06492720401765815,-0.1418178126909358,0.24491901496171659,-0.0700748098092096,-0.15306151561944134,0.2334323416129294
-0.06492720401765815,-0.1418178126909358,0.24491901496171659,-0.0700748098092096,-0.15306151561944134,0.2334323416129294
-0.06360397574958553,-0.14297605682946302,0.2447553445627605,-0.07001576930097125,-0.15311646842636703,0.23341809674233788
-0.06226172793825763,-0.14411854061993307,0.24458462556340654,-0.06968284228680682,-0.1534251820793009,0.23333947450256107
-0.06090065447224798,-0.14524489506076238,0.24440690281349842,-0.06898412043530275,-0.1540665634415555,0.23317771803615647
-0.05952095703579058,-0.1463547537836072,0.24422222219632803,-0.06794918545518515,-0.15500040750011668,0.2329418943161785
-0.05812284506805487,-0.1474477532259007,0.24403063062154948,-0.06665888046615688,-0.15613805015814025,0.23265149179722625
-0.056706535718515715,-0.14852353280265854,0.24383217601793608,-0.06520109155461105,-0.15738860795700665,0.23232639119354984
-0.05527225379843232,-0.14958173507746744,0.24362690732598222,-0.06364843919686493,-0.15868113597805325,0.23198221819014248
-0.05382023172845353,-0.1506220059325642,0.24341487449035168,-0.062050878592190654,-0.15996998782256494,0.231629085455285
-0.05235070948236842,-0.1516439947379193,0.2431961284521718,-0.06043697240731094,-0.16123125010559683,0.23127219849545638
-0.05086393452702294,-0.15264735451923528,0.24297072114117738,-0.0588190919401193,-0.16245606431172613,0.23091324021135795
-0.049360161758426425,-0.15363174212477274,0.2427387054677025,-0.05719939883490399,-0.163644165487556,0.23055183506407684
-0.04783965343407154,-0.15459681839091613,0.24250013531452447,-0.05557489694633816,-0.16479903712925223,0.23018672457978215
-0.04630267910149646,-0.15554224830639435,0.24225506552855802,-0.05394093167695977,-0.16592490748599206,0.22981653547015415
-0.044749515523116984,-0.156467701175068,0.2420035519124039,-0.05229318561754679,-0.16702525408703559,0.22944017505795436
-0.043180446597359874,-0.15737285077719895,0.24174565121575187,-0.050628529859025856,-0.16810231999416253,0.22905695665483072
-0.04159576327613148,-0.1582573755291183,0.24148142112663795,-0.048945154926552464,-0.16915718904189145,0.22866656658496257
-0.03999576347865475,-0.15912095864120668,0.24121092026256133,-0.047242339264140565,-0.17019009079588798,0.22826896282610185
-0.03838075200171309,-0.1599632882741065,0.24093420816145686,-0.0455201018529866,-0.17120073627178767,0.22786426399913026
-0.03675104042633843,-0.16078405769308138,0.24065134527252932,-0.043778878734874724,-0.17218858909595466,0.2274526590305036
-0.03510694702098596,-0.1615829654204426,0.24036239294694875,-0.042019282639332765,-0.1731530448491734,0.22703434733472497
-0.03344879664123603,-0.1623597153859625,0.24006741342840662,-0.04024195451077403,-0.1740935278882857,0.22660950733961482
-0.03177692062606888,-0.16311401707519385,0.23976646984353872,-0.03844749050377647,-0.17500952901365194,0.2261782859048626
-0.030091656690758268,-0.16384558567561755,0.23945962619221187,-0.036636420031778506,-0.17590060815492542,0.22574080032609117
-0.02839334881643075,-0.1645541422205425,0.23914694733767727,-0.03480921221508938,-0.17676638096748493,0.225297146066839
-0.02668234713634346,-0.1652394137306776,0.23882849899659409,-0.03296629394226005,-0.17760650147955157,0.2248474055964573
-0.024959007818927403,-0.16590113335330525,0.23850434772892126,-0.03110806921404905,-0.17842064709878183,0.22439165582721377
-0.023223692947653616,-0.16653904049897855,0.2381745609276823,-0.029234934723520865,-0.1792085082251964,0.223929973230004
-0.02147677039777467,-0.16715288097567146,0.23783920680860218,-0.027347290188916105,-0.1799697823886896,0.22346243668556157
-0.019718613709999545,-0.16774240712030938,0.2374983543996195,-0.025445543928714207,-0.18070417181398882,0.22298912859357287
-0.01794960196115884,-0.1683073779276106,0.2371520735302748,-0.02353011496702918,-0.18141138312104627,0.22251013487575472
-0.016170119631921557,-0.1688475591761685,0.23680043482097674,-0.02160143303679985,-0.18209112808424066,0.22202554442602082
-0.014380556471623576,-0.16936272355170798,0.23644350967214822,-0.019659937578719255,-0.1827431247213912,0.22153544840003747
-0.012581307360272215,-0.1698526507674504,0.23608137025325276,-0.017706076464193025,-0.18336709830895026,0.22103993957254156
-0.010772772167789864,-0.17031712768151927,0.23571408949170497,-0.015740304837722773,-0.18396278215922282,0.220539111860919
-0.008955355610564254,-0.1707559484113276,0.23534174106166483,-0.013763084232671677,-0.18452991814077307,0.2200330600284106
-0.007129467105371336,-0.17116891444488183,0.23496439937271862,-0.011774881969064895,-0.1850682569925433,0.21952187953548194
-0.005295520620741227,-0.17155583474894395,0.23458213955844778,-0.009776170773474585,-0.18557755850147956,0.21900566649246758
-0.003453934525835558,-0.1719165258739918,0.23419503746488687,-0.007767428543042357,-0.18605759160582483,0.2184845176689264
-0.0016051314369097038,-0.17225081205592196,0.23380316963887465,-0.005749138184936947,-0.18650813446834213,0.21795853052571315
0.0002504619385682752,-0.17255852531443808,0.23340661331629645,-0.003721787482225314,-0.18692897454538537,0.21742780324814925
0.0021124149600677783,-0.1728395055480726,0.23300544641022333,-0.0016858689571785921,-0.18731990866345968,0.2168924347693279
0.003980293214339063,-0.17309360062578827,0.23259974749894724,0.00035812028125731645,-0.18768074310576646,0.21635252478014602
0.005853658677873812,-0.1733206664751104,0.23218959581391488,0.002409678708890954,-0.18801129370651232,0.2158081737271005
0.007732069881404357,-0.17352056716673986,0.23177507122756266,0.004468300574301028,-0.18831138594913097,0.2152594828008632
0.009615082076363891,-0.17369317499560133,0.23135625424105366,0.0065334760991512825,-0.18858085506469788,0.21470655391900428
0.011502247403226314,-0.1738383705582809,0.230933225971919,0.008604691686558792,-0.18881954612772445,0.2141494897057056
0.013393115061646258,-0.17395604282681026,0.23050606814160507,0.010681430134210392,-0.18902731414755441,0.21358839347046715
0.015287231482315793,-0.17404608921875558,0.23007486306292949,0.012763170850078543,-0.18920402415445872,0.21302336918697407
0.01718414050045655,-0.17410841566357182,0.2296396936274466,0.014849390069567436,-0.18934955128010886,0.21245452147264976
0.019083383530861878,-0.17414293666518588,0.22920064329272472,0.016939561073612212,-0.1894637808324439,0.21188195556898892
0.020984499744405694,-0.17414957536077091,0.22875779606953728,0.019033154407644394,-0.18954660836508272,0.21130577732254002
0.022887026245931953,-0.17412826357567895,0.228311236508971,0.0211296381015171,-0.18959793974145508,0.21072609316631818
0.024790498253438178,-0.17407894187450132,0.22786104968944926,0.023228477890511467,-0.1896176911937858,0.21014301010143485
0.026694449278467206,-0.17400155960822475,0.22740732120367804,0.025329137437511747,-0.18960578937701625,0.2095566356787753
0.028598411307618084,-0.1738960749574574,0.2269501371455113,0.0274310785563665,-0.18956217141769346,0.20896707798061376
0.030501914985089053,-0.17376245497169626,0.22648958409674178,0.029533761436399256,-0.1894867849578251,0.20837444560210652
0.03240448979616332,-0.17360067560461578,0.22602574911381623,0.031636644867981664,-0.18937958819367748,0.20777884763264154
0.034305664251547685,-0.17341072174535252,0.22555871971447983,0.03373918646905765,-0.1892405499094852,0.20718039363704704
0.03620496607247539,-0.1731925872457676,0.2250885838643487,0.03583941302979321,-0.18906210650766805,0.2066059250786381
0.03804696530640576,-0.1726968224237292,0.22529583714190274,0.037931288681199236,-0.18881818582413026,0.20615614197462623
0.039882374493724816,-0.17218099190852745,0.22550275465368244,0.04001136019472897,-0.18850049239800726,0.20587873822286593
0.04171097008531881,-0.17164518198354137,0.22570933546056085,0.0420791664086754,-0.18811586180530004,0.20576232329123895
0.04353252965341329,-0.17108948147370823,0.2259155786246174,0.04413575778591511,-0.18767629740901143,0.20576804108996902
0.045346831920985264,-0.1705139817309985,0.22612148320914152,0.04618270671379776,-0.18719374068567182,0.2058519257690882
0.04715365679098737,-0.16991877661954488,0.2263270482786365,0.048221532828212205,-0.1866778375039535,0.2059768918565018
0.0489527853753799,-0.16930396250042795,0.2265322728988234,0.05025340772104621,-0.1861353159587108,0.2061169456774416
0.050744000023967034,-0.16866963821612257,0.22673715613664425,0.052279051483943365,-0.18557020639832944,0.20625678223917193
0.05252708435303221,-0.16801590507460404,0.2269416970602663,0.05429875761268122,-0.1849844542634972,0.20638931259368332
0.054301823273770075,-0.16734286683312077,0.22714589473908528,0.0563124886344281,-0.18437862995547236,0.20651276304582813
0.056068003020509405,-0.16665062968163255,0.2273497482437298,0.058319993228887826,-0.18375255280817793,0.20662819803033672
0.05782541117872479,-0.1659393022259198,0.2275532566460642,0.06032091120693813,-0.1831057460691423,0.20673776836478772
0.05957383671283176,-0.1652089954703641,0.2277564190191931,0.062314850159138443,-0.1824377147065906,0.20684366878607896
0.061313069993761904,-0.16445982280040533,0.22795923443746458,0.06430143132010865,-0.18174807979743957,0.2069476459743702
0.0630429028263145,-0.16369189996467565,0.22816170197647367,0.06628031009792326,-0.1810366167715477,0.20705086631622646
0.0647631284762805,-0.16290534505681542,0.22836382071306674,0.0682511795189397,-0.1803032406656883,0.2071539784679054
0.06647354169733495,-0.16210027849697206,0.22856558972534485,0.07021376438964717,-0.17954796996694783,0.20725725280858284
0.06817393875769501,-0.1612768230129867,0.2287670080926671,0.07216781204001248,-0.17877088829201684,0.20736072676035547
0.06986411746653806,-0.1604351036212698,0.22896807489565493,0.07411308329016483,-0.17797211326705847,0.20746432181547075
0.07154387720017864,-0.15957524760737,0.22916878921619535,0.07596878498050513,-0.1771863374313534,0.20756792248139266
0.07149967317185099,-0.15947665260467125,0.22936915013744472,0.07744472718054207,-0.17654417682755524,0.20767142073666425
0.07145526832908337,-0.15937760969482476,0.22956915674383227,0.07842558314321994,-0.17610818320077373,0.20777473502393468
0.07141066292371172,-0.1592781194395386,0.22976880812106448,0.07896507119945569,-0.17586407892753192,0.20787781339640787
0.07136585720832953,-0.1591781824022106,0.2299681033561275,0.07918476459980253,-0.17576201420919477,0.2079806286540978
0.07132085143628679,-0.15907779914792616,0.230167041537292,0.07921072286847698,-0.17574667682584674,0.2080831708089091
0.07127564586168898,-0.1589769702434555,0.2303656217541159,0.07914316926948028,-0.17577308345011303,0.20818543992121474
0.07123024073939604,-0.1588756962572517,0.23056384309744882,0.07904830135802482,-0.17581135730612268,0.2082874406376408
0.07118463632502135,-0.15877397775944838,0.2307617046594348,0.07896210232796276,-0.17584529104216476,0.20838917868266804
0.07113883287493061,-0.15867181532185703,0.23095920553351684,0.07889881259964121,-0.17586851041958382,0.20849065900395441
0.0710928306462409,-0.15856920951796538,0.23115634481443995,0.07885964518410185,-0.17588049940703085,0.20859188507938617
0.07104662989681959,-0.15846616092293425,0.23135312159825488,0.07883966068991426,-0.17588348992558772,0.2086928589100337
0.07100023088528326,-0.15836267011359603,0.23154953498232175,0.07883226111073735,-0.17588044617964954,0.2087935813322403
0.0709536338709967,-0.1582587376684514,0.231745584065314,0.07883159246110279,-0.17587399347205712,0.20889405241087608
0.07090683911407183,-0.15815436416766784,0.23194126794722128,0.07883346009248507,-0.17586601199152282,0.2089942717862285
0.07085984687536671,-0.15804955019307695,0.23213658572935358,0.07883536607988417,-0.1758576214708445,0.20909423892537154
0.07081265741648439,-0.1579442963281719,0.23233153651434493,0.07883614234273277,-0.17584934573989874,0.20919395327564166
0.07076527099977177,-0.15783860315810536,0.23252611940615653,0.07883548452418777,-0.17584132148444434,0.20929341434001858
0.07071768788831886,-0.15773247126968698,0.2327203335100805,0.07883354654797255,-0.17583347989049744,0.20939262170025075
0.07066990834595736,-0.15762590125138098,0.23291417793274366,0.07883065420193533,-0.17582567503159566,0.20949157501084692
0.07062193263725976,-0.15751889369330394,0.23310765178211101,0.07882640610199608,-0.17581612869330934,0.2095900383499804
0.07062193263725976,-0.15751889369330394,0.23310765178211101,0.07881931607535302,-0.1758008380071786,0.2096833242749899
0.07062193263725976,-0.15751889369330394,0.23310765178211101,0.07881041368038934,-0.1757816546434741,0.20976290818636945
0.07062193263725976,-0.15751889369330394,0.23310765178211101,0.07880160776132326,-0.17576260179988212,0.20982330782715258
0.07062193263725976,-0.15751889369330394,0.23310765178211101,0.07879438715397818,-0.17574691373601667,0.20986346256284596
0.07062193263725976,-0.15751889369330394,0.23310765178211101,0.07878944912241487,-0.17573614537133045,0.20988574104909077
0.07062193263725976,-0.15751889369330394,0.23310765178211101,0.07878678705797745,-0.17573032059590016,0.20989437146469983
0.07062193263725976,-0.15751889369330394,0.23310765178211101,0.07878595287983395,-0.17572848742877328,0.20989402899418602
0.07062193263725976,-0.15751889369330394,0.23310765178211101,0.07878632722129048,-0.17572930509492812,0.2098888637257665
0.07062193263725976,-0.15751889369330394,0.23310765178211101,0.07878731852566762,-0.17573148261028232,0.20988200732936924
0.07062193263725976,-0.15751889369330394,0.23310765178211101,0.07878847181843047,-0.1757340216824287,0.20987546749561786
0.07062193263725976,-0.15751889369330394,0.23310765178211101,0.07878950106502354,-0.17573629171292052,0.20987027142961423
0.07062193263725976,-0.15751889369330394,0.23310765178211101,0.07879027166600144,-0.17573799408986973,0.20986672547653523
0.07062193263725976,-0.15751889369330394,0.23310765178211101,0.07879075930242208,-0.17573907320599874,0.2098646910582877
0.07062193263725976,-0.15751889369330394,0.23310765178211101,0.0787910047235201,-0.17573961755418252,0.20986381733802037
0.07062193263725976,-0.15751889369330394,0.23310765178211101,0.07879107593398661,-0.17573977649584008,0.20986370602203983
0.07062193263725976,-0.15751889369330394,0.23310765178211101,0.07879104230011273,-0.17573970298827082,0.2098640081032628
0.07062193263725976,-0.15751889369330394,0.23310765178211101,0.07879096041292752,-0.17573952214425118,0.20986446572037115
0.07062193263725976,-0.15751889369330394,0.23310765178211101,0.07879086911728009,-0.17573932003881207,0.20986491689004194
0.07062193263725976,-0.15751889369330394,0.23310765178211101,0.0787907904063437,-0.17573914553363307,0.20986527977954506
0.07062193263725976,-0.15751889369330394,0.23310765178211101,0.07879073322168297,-0.1757390185914782,0.20986552929430943
0.07062193263725976,-0.15751889369330394,0.23310765178211101,0.0787906980081915,-0.17573894031502887,0.20986567416999108
0.07062193263725976,-0.15751889369330394,0.23310765178211101,0.07879068074816191,-0.17573890186959107,0.2098657387364157
0.07062193263725976,-0.15751889369330394,0.23310765178211101,0.07879067591912811,-0.17573889104288454,0.20986575060266924
0.07062193263725976,-0.15751889369330394,0.23310765178211101,0.07879067830733158,-0.17573889627777903,0.2098657337541907
0.07062193263725976,-0.15751889369330394,0.23310765178211101,0.07879068387329266,-0.1757389086049971,0.20986570574626806
0.07062193263725976,-0.15751889369330394,0.23310765178211101,0.07879068996121946,-0.17573892211821227,0.20986567752333193
0.07062193263725976,-0.15751889369330394,0.23310765178211101,0.07879069513301186,-0.17573893361268547,0.20986565460352738
0.07062193263725976,-0.15751889369330394,0.23310765178211101,0.07879069884487595,-0.17573894187123487,0.20986563872294034
0.07062193263725976,-0.15751889369330394,0.23310765178211101,0.07879070110851083,-0.17573894691342065,0.2098656293919951
0.07062193263725976,-0.15751889369330394,0.23310765178211101,0.07879070221163702,-0.175738949374914,0.20986562510528756
0.07062193263725976,-0.15751889369330394,0.23310765178211101,0.07879070252366718,-0.17573895007517681,0.209865624142551
0.07062193263725976,-0.15751889369330394,0.23310765178211101,0.07879070238249353,-0.17573894976509463,0.20986562500944383
0.07062193263725976,-0.15751889369330394,0.23310765178211101,0.07879070204421422,-0.1757389490145206,0.20986562661292454
0.07062193263725976,-0.15751889369330394,0.23310765178211101,0.07879070167418914,-0.1757389481918617,0.20986562827039362
0.07062193263725976,-0.15751889369330394,0.23310765178211101,0.07879070136043144,-0.17573894749352603,0.20986562963449434
0.07062193263725976,-0.15751889369330394,0.23310765178211101,0.07879070113544831,-0.17573894699233056,0.2098656305907563
0.07062193263725976,-0.15751889369330394,0.23310765178211101,0.07879070099795811,-0.17573894668575285,0.20986563116175505
0.07062193263725976,-0.15751889369330394,0.23310765178211101,0.07879070093025961,-0.175738946534583,0.2098656314331842
0.07062193263725976,-0.15751889369330394,0.23310765178211101,0.07879070091002693,-0.1757389464892053,0.2098656315051567
0.07062193263725976,-0.15751889369330394,0.23310765178211101,0.07879070091702811,-0.17573894650459257,0.20986563146543932
0.07062193263725976,-0.15751889369330394,0.23310765178211101,0.07879070093601928,-0.17573894654678415,0.20986563137870146
0.07062193263725976,-0.15751889369330394,0.23310765178211101,0.07879070095718749,-0.17573894659389694,0.20986563128573085
0.07062193263725976,-0.15751889369330394,0.23310765178211101,0.07879070097530172,-0.1757389466342505,0.20986563120769774
0.07062193263725976,-0.15751889369330394,0.23310765178211101,0.07879070098839809,-0.17573894666344686,0.20986563115205994
0.07062193263725976,-0.15751889369330394,0.23310765178211101,0.07879070099649524,-0.1757389466815116,0.20986563111812165
0.07062193263725976,-0.15751889369330394,0.23310765178211101,0.07879070100057686,-0.17573894669062753,0.20986563110133832
0.07062193263725976,-0.15751889369330394,0.23310765178211101,0.078790701001906,-0.17573894669360482,0.2098656310961681
0.07062193263725976,-0.15751889369330394,0.23310765178211101,0.07879070100163495,-0.17573894669301043,0.20986563109765854
0.07062193263725976,-0.15751889369330394,0.23310765178211101,0.07879070100063709,-0.17573894669079146,0.2098656311021056
0.07062193263725976,-0.15751889369330394,0.23310765178211101,0.07879070099947931,-0.17573894668821277,0.20986563110713238
0.07062193263725976,-0.15751889369330394,0.23310765178211101,0.0787907009984687,-0.17573894668596007,0.20986563111146944
0.07062193263725976,-0.15751889369330394,0.23310765178211101,0.07879070099772591,-0.1757389466843034,0.20986563111463274
0.07062193263725976,-0.15751889369330394,0.23310765178211101,0.07879070099725757,-0.17573894668325826,0.20986563111661377
0.07062193263725976,-0.15751889369330394,0.23310765178211101,0.07879070099701346,-0.17573894668271306,0.2098656311176374
0.07062193263725976,-0.15751889369330394,0.23310765178211101,0.07879070099692559,-0.17573894668251652,0.2098656311179981
0.07062193263725976,-0.15751889369330394,0.23310765178211101,0.07879070099693063,-0.17573894668252732,0.20986563111796702
0.07062193263725976,-0.15751889369330394,0.23310765178211101,0.07879070099697975,-0.17573894668263676,0.20986563111775172
0.07062193263725976,-0.15751889369330394,0.23310765178211101,0.0787907009970408,-0.1757389466827727,0.20986563111748854
0.07062193263725976,-0.15751889369330394,0.23310765178211101,0.07879070099709573,-0.1757389466828952,0.20986563111725293
0.07062193263725976,-0.15751889369330394,0.23310765178211101,0.07879070099713713,-0.17573894668298753,0.209865631117076
0.07062193263725976,-0.15751889369330394,0.23310765178211101,0.07879070099716391,-0.1757389466830473,0.2098656311169618
0.07062193263725976,-0.15751889369330394,0.23310765178211101,0.07879070099717844,-0.1757389466830798,0.2098656311169
0.07062193263725976,-0.15751889369330394,0.23310765178211101,0.07879070099718422,-0.17573894668309267,0.2098656311168755
0.07062193263725976,-0.15751889369330394,0.23310765178211101,0.07879070099718463,-0.17573894668309364,0.20986563111687384
0.07062193263725976,-0.15751889369330394,0.23310765178211101,0.07879070099718241,-0.17573894668308868,0.20986563111688347
0.07062193263725976,-0.15751889369330394,0.23310765178211101,0.07879070099717927,-0.17573894668308174,0.20986563111689685
0.07062193263725976,-0.15751889369330394,0.23310765178211101,0.07879070099717635,-0.17573894668307521,0.20986563111690948
0.07062193263725976,-0.15751889369330394,0.23310765178211101,0.07879070099717408,-0.17573894668307014,0.2098656311169192
0.07062193263725976,-0.15751889369330394,0.23310765178211101,0.07879070099717257,-0.17573894668306675,0.20986563111692566
0.07062193263725976,-0.15751889369330394,0.23310765178211101,0.07879070099717167,-0.1757389466830648,0.2098656311169294
0.07062193263725976,-0.15751889369330394,0.23310765178211101,0.07879070099717136,-0.17573894668306406,0.209865631116931
0.07062193263725976,-0.15751889369330394,0.23310765178211101,0.07879070099717127,-0.17573894668306392,0.20986563111693132
0.07062193263725976,-0.15751889369330394,0.23310765178211101,0.07879070099717138,-0.17573894668306406,0.20986563111693093
0.07062193263725976,-0.15751889369330394,0.23310765178211101,0.0787907009971715,-0.1757389466830644,0.20986563111693027
0.07062193263725976,-0.15751889369330394,0.23310765178211101,0.07879070099717164,-0.1757389466830647,0.20986563111692969
0.07062193263725976,-0.15751889369330394,0.23310765178211101,0.07879070099717177,-0.17573894668306494,0.20986563111692907
0.07062193263725976,-0.15751889369330394,0.23310765178211101,0.07879070099717186,-0.17573894668306517,0.20986563111692877
0.07062193263725976,-0.15751889369330394,0.23310765178211101,0.0787907009971719,-0.17573894668306525,0.2098656311169285
0.07062193263725976,-0.15751889369330394,0.23310765178211101,0.07879070099717193,-0.17573894668306533,0.20986563111692844
0.07062193263725976,-0.15751889369330394,0.23310765178211101,0.07879070099717193,-0.17573894668306533,0.20986563111692835
0.07062193263725976,-0.15751889369330394,0.23310765178211101,0.07879070099717193,-0.17573894668306533,0.2098656311169284
0.07062193263725976,-0.15751889369330394,0.23310765178211101,0.07879070099717193,-0.17573894668306533,0.20986563111692844
0.07062193263725976,-0.15751889369330394,0.23310765178211101,0.07879070099717192,-0.17573894668306528,0.20986563111692846
0.07062193263725976,-0.15751889369330394,0.23310765178211101,0.0787907009971719,-0.17573894668306528,0.20986563111692852
0.07062193263725976,-0.15751889369330394,0.23310765178211101,0.0787907009971719,-0.17573894668306525,0.20986563111692852
0.07062193263725976,-0.15751889369330394,0.23310765178211101,0.0787907009971719,-0.17573894668306525,0.2098656311169285
0.07062193263725976,-0.15751889369330394,0.23310765178211101,0.0787907009971719,-0.17573894668306525,0.2098656311169285
0.07062193263725976,-0.15751889369330394,0.23310765178211101,0.0787907009971719,-0.17573894668306525,0.20986563111692852
0.07062193263725976,-0.15751889369330394,0.23310765178211101,0.0787907009971719,-0.17573894668306525,0.20986563111692852
0.07062193263725976,-0.15751889369330394,0.23310765178211101,0.0787907009971719,-0.17573894668306525,0.20986563111692852
0.07062193263725976,-0.15751889369330394,0.23310765178211101,0.0787907009971719,-0.17573894668306525,0.2098656311169285
0.07062193263725976,-0.15751889369330394,0.23310765178211101,0.0787907009971719,-0.17573894668306525,0.2098656311169285
0.07062193263725976,-0.15751889369330394,0.23310765178211101,0.0787907009971719,-0.17573894668306525,0.2098656311169285
0.07062193263725976,-0.15751889369330394,0.23310765178211101,0.0787907009971719,-0.17573894668306525,0.2098656311169285
0.07062193263725976,-0.15751889369330394,0.23310765178211101,0.0787907009971719,-0.17573894668306525,0.2098656311169285
0.07062193263725976,-0.15751889369330394,0.23310765178211101,0.0787907009971719,-0.17573894668306525,0.2098656311169285
0.07062193263725976,-0.15751889369330394,0.23310765178211101,0.0787907009971719,-0.17573894668306525,0.2098656311169285
0.07062193263725976,-0.15751889369330394,0.23310765178211101,0.0787907009971719,-0.17573894668306525,0.2098656311169285
0.07062193263725976,-0.15751889369330394,0.23310765178211101,0.0787907009971719,-0.17573894668306525,0.2098656311169285
0.07062193263725976,-0.15751889369330394,0.23310765178211101,0.0787907009971719,-0.17573894668306525,0.2098656311169285
0.07062193263725976,-0.15751889369330394,0.23310765178211101,0.0787907009971719,-0.17573894668306525,0.2098656311169285
0.066617982392043,-0.15485115202887392,0.2370616905359198,0.07861528219412567,-0.1756487765587849,0.21006537936814854
0.06267715476300531,-0.15201488985258108,0.24091801158293094,0.07762988118632701,-0.1751361258397951,0.2111839172262522
0.05880579078838533,-0.14901311401081135,0.24467451658537742,0.0755812239142924,-0.17403386647700986,0.21349663078937672
0.055010111699377494,-0.14584907554701812,0.2483291643814449,0.0725946234998483,-0.17233524416967497,0.21684252385802263
0.051296209554917226,-0.14252626476491728,0.25187997211364943,0.06895159867859453,-0.17011060373874193,0.22088719888990888
0.04767003807780594,-0.13904840593193513,0.2553250163235152,0.06494436853048796,-0.16746127501836006,0.2252945300798228
0.04413740370599855,-0.13541945163112126,0.25866243401193756,0.060804454912450526,-0.1644898383494874,0.22980690683922075
0.040703956872542156,-0.1316435767702667,0.2618904236646379,0.05668379220715082,-0.16128091279884782,0.23426208180557406
0.03737518352729969,-0.12772517225748659,0.2650072462421376,0.05266485560561952,-0.15789259625672955,0.23857736659739212
0.03415639691321867,-0.1236688383530282,0.2680112261336992,0.04878160496047067,-0.15435711481730993,0.2427235372541538
0.031052729609510978,-0.11947937770755761,0.27090075207470143,0.04504023353992597,-0.15068701077921257,0.24670074996319036
0.028069125853697148,-0.11516178809764564,0.2736742780269404,0.041434840827023284,-0.14688297164768915,0.2505211812664745
0.025210334154038883,-0.11072125486963291,0.2763303240213664,0.03795711859455214,-0.1429406419280251,0.2541987268397976
0.022480900203435242,-0.1061631431034923,0.27886747696278996,0.034601101025574454,-0.138855278228938,0.2577441896373025
0.019885160105393235,-0.101492989508725,0.2812843913961126,0.03136462289944042,-0.13462421564982818,0.2611639731340093
0.01742723392220393,-0.09671649406473357,0.2835797902336596,0.028248990915482195,-0.13024766808813795,0.2644605936765027
0.015111019554958492,-0.09183951141849186,0.2857524654432154,0.025257953035729287,-0.12572851945525695,0.267633852981135
0.012940186964529166,-0.08686804205270063,0.28780127869638356,0.022396608277574184,-0.12107166516469561,0.27068201331988984
0.010918172742116046,-0.08180822323795775,0.2897251619769178,0.0196705518726754,-0.11628328172099117,0.27360269112156216
0.00904817503742364,-0.07666631978279374,0.29152311814869375,0.017085327500694785,-0.1113702252340497,0.27639341424108693
0.007333148851982715,-0.07144871459572502,0.293194221483013,0.014646143284980897,-0.10633962694971275,0.27905190059669355
0.0057758017045728095,-0.06616189907375716,0.29473761814495525,0.012357768571997298,-0.10119867364820467,0.2815761504823097
0.0043785896751304815,-0.06081246333202493,0.2961525266385198,0.01022453154685924,-0.09595452464510935,0.2839644373780261
0.0031437138329483438,-0.05540708628949213,0.2974382382103187,0.008250358679464508,-0.09061431078677458,0.28621525822299965
0.0020731170543822884,-0.04995252562584558,0.2985941172116086,0.0064388205803946885,-0.0851851703645162,0.2883272790114719
0.0011684812346872387,-0.0444556076249045,0.2996196014184755,0.004793167750075712,-0.07967429184759024,0.29029929206465516
0.0004312248979998503,-0.038923216920033046,0.3005142023100044,0.0033163519004925715,-0.07408894745037524,0.2921301889991681
-0.00013749879112247938,-0.033362286157183646,0.301277505304298,0.0020110348027122023,-0.06843651197760452,0.2938189471782112
-0.0005368036118103569,-0.027779785591315814,0.3019091699522252,0.0008795887808206982,-0.06272446764142305,0.29536462533563895
-0.0007660714644603626,-0.022182712632028635,0.3024089300888117,-7.590715761778217e-05,-0.05696039835693349,0.29676636424819325
-0.0008249531402243194,-0.016578081354315093,0.30277659394220235,-0.0008536726391159791,-0.05115197755300398,0.29802338944032425
-0.0007133686814742744,-0.010972911990386887,0.30301204420015687,-0.0014522309753342878,-0.045306952861883604,0.2991350141309596
-0.0004315073329315385,-0.005374220418543944,0.3031152380340576,-0.0018704131793792868,-0.03943312996533605,0.30010064159893146
2.0172916228399732e-05,0.00021099233494623645,0.3030862070804388,-0.0021073607734144544,-0.03353835684583521,0.3009197667588186
0.0006409461983600301,0.0057757505650198136,0.30292505738006653,-0.0021625275055468384,-0.02763050892662795,0.3015919770497732
0.0014298200398649191,0.011313114312153623,0.3026319692746268,-0.0020356801826234986,-0.02171747512045747,0.30211695284343987
0.0023855370380669017,0.016816189726058552,0.3022071972611005,-0.0017268988060566586,-0.01580714459057254,0.3024944675669346
0.00350657693965622,0.02227813935302555,0.3016510698039297,-0.0012365761386424257,-0.009907393977130172,0.30272438768152027
0.004791159117301805,0.027692192331336504,0.30096398910510513,-0.0005654167709321562,-0.004026074880316532,0.30280667259767313
0.006237245440428536,0.033051654479314886,0.3001464308323262,0.0002855642873028992,0.0018289985378693023,0.3027413745609483
0.007842543535554813,0.038349918260748975,0.2991989438054118,0.0013150434890324709,0.007650061902008856,0.30252863851467265
0.009604510430998144,0.043580472612627555,0.29812214964116174,0.0025213911130508347,0.01342941293812943,0.3021687019321042
0.011520356580170945,0.04873691262033971,0.29691674235689447,0.003902674115999173,0.019159423738764166,0.30166189460717885
0.01358705025711741,0.05381294902573458,0.29558348793290934,0.005456659477169681,0.024832552946120863,0.30100863839454045
0.015801322317376524,0.058802417553698666,0.294123223834145,0.007180818035133426,0.03044135781692681,0.30020944689285267
0.018159671316706455,0.06369928804319457,0.2925368584913304,0.009072328811240706,0.03597850613451429,0.29926492506853253
0.020658368979661435,0.06849767336901068,0.2908253707419457,0.011128083812326158,0.04143678793819748,0.2981757688192729
0.02329346600948667,0.07319183814079805,0.28898980923133616,0.013344693303378383,0.04680912704469943,0.29694276447794793
0.026060798230279326,0.07777620716631807,0.28703129177434256,0.015718491540102297,0.05208859234015213,0.29556678825797034
0.028955993051865615,0.08224537366619496,0.2849510046778362,0.018245542950851342,0.057268408823785,0.2940488056411883
0.031974476247353265,0.08659410722784674,0.2827502020245656,0.020921648757042596,0.06234196838593936,0.29238987070924544
0.03511147903285483,0.09081736148668178,0.28043020491875037,0.02374235402076956,0.06730284030388242,0.29059112541912363
0.03836204543841573,0.09491028152306334,0.27799240069387177,0.026702955107820815,0.07214478143930522,0.2886537988234473
0.04172103995875018,0.09886821096399055,0.27543824208313705,0.029798507553726563,0.07686174612166616,0.2865792062360504
0.04518315547196424,0.10268669877889708,0.2727692463531131,0.033023834319802714,0.08144789570179485,0.28436874834330395
0.04874292141404714,0.10636150575944485,0.2699869944010476,0.03637353442550731,0.08589760776052761,0.2820239102617304
0.05239471219652734,0.10988861067367585,0.26709312981641326,0.039841991942765144,0.09020548495756879,0.2795462605424842
0.056132755854328836,0.11326421608538827,0.2640893579072368,0.043423385337301945,0.09436636350631254,0.27693745012333215
0.05995114291051918,0.11648475383011955,0.2609774446917883,0.04701304677305473,0.09816932652352714,0.2743179132514342
0.061570380716141196,0.11528987079337025,0.2610569770332051,0.05023417452995668,0.10088900496083653,0.2721524235280242
0.06316710774759315,0.11407260919478104,0.26113552612597474,0.05290002587879681,0.10227641424091627,0.2706873513350244
0.06474101866921517,0.11283338112955305,0.26121309157845396,0.05503130092838929,0.10250853110084293,0.2698924971623927
0.06629181557984472,0.1115726027627977,0.2612896730139952,0.05674623278561137,0.10191634917952852,0.2695993392562201
0.06781920806488356,0.11029069419630036,0.2613652700709518,0.0581854218131289,0.10082687691200491,0.26961300403309785
0.06932291324598153,0.10898807933466753,0.2614398824026829,0.05947060990668711,0.09949318762927639,0.2697735547906598
0.07080265582833,0.10766518575089812,0.26151350967755804,0.060688487273180866,0.09807904449627237,0.2699750664198432
0.07225816814556091,0.10632244455142394,0.2615861515789611,0.06189015878564709,0.09667158017661243,0.270160623687032
0.07368919020224593,0.10496029024066068,0.2616578078052948,0.06309849330741582,0.09530407549953222,0.27030826339761443
0.07509546971399125,0.1035791605851126,0.2617284780699839,0.06431780285219252,0.09397833513355659,0.2704165763901604
0.07647676214512639,0.10217949647707333,0.2617981621014793,0.06554256134678876,0.09268186147936232,0.27049362376688885
0.07783283074398328,0.10076174179796633,0.26186685964326106,0.06676374230287026,0.091398782812106,0.2705498689521215
0.07916344657576502,0.09932634328136641,0.2619345704538414,0.06797261068509387,0.09011548348995138,0.2705944842920207
0.08046838855300206,0.09787375037574676,0.26200129430676733,0.06916245857721508,0.08882258027232927,0.2706339890749918
0.0817474434635979,0.09640441510699178,0.2620670309906235,0.07032897887009307,0.08751482193360792,0.2706722368541451
0.08300040599646241,0.09491879194072037,0.26213178030903417,0.0714699113348091,0.08619009261283297,0.2707110118992651
0.08422707876473644,0.09341733764446072,0.26219554208066537,0.07258442374398745,0.08484824879648079,0.27075076533817344
0.08542727232660853,0.09190051114972006,0.26225831613922634,0.07367250555887349,0.08349015113264235,0.2707912478169932
0.08660080520372666,0.0903687734139896,0.2623201023334715,0.0747345022284064,0.08211700571477423,0.2708319523685381
0.0877475038972099,0.08882258728272954,0.26238090052720153,0.0757708191114813,0.08072999403911728,0.27087237159029653
0.0888672029012626,0.08726241735137373,0.26244071059926377,0.07678177092192837,0.07933011579761082,0.270912113102596
0.08995974471439776,0.08568872982739648,0.26249953244355384,0.07776753297061796,0.07791816185531623,0.27095092521558106
0.09102497984827447,0.08410199239248424,0.2625573659690155,0.07872815099816091,0.0764947508415638,0.27098867650091285
0.0920627668341567,0.08250267406485132,0.262614211099641,0.07966357627245384,0.07506038527325776,0.2710253193338485
0.09307297222699996,0.0808912450617433,0.2626700677744712,0.08057370469989154,0.07361550325433122,0.2710608545256943
0.09405547060717503,0.07926817666216762,0.26272493594759516,0.0814584091049093,0.07216051622118083,0.27109530447412367
0.09501014457983598,0.07763394106989191,0.2627788155881495,0.08231756112833158,0.07069583177262784,0.2711286962275515
0.09593688477194351,0.07598901127675342,0.26283170668031763,0.08315104340130677,0.06922186462120433,0.27116105283907554
0.09683558982695252,0.0743338609263149,0.2628836092233288,0.08395875447063651,0.06773903975811094,0.2711923903999899
0.09770616639717539,0.07266896417791255,0.26293452323145666,0.08474060924717317,0.06624779143815791,0.271222718293389
0.09854852913383282,0.07099479557113136,0.2629844487340179,0.08549653726731125,0.06474856053921871,0.27125204083410315
0.09936260067480314,0.0693118298907506,0.26303338577536994,0.0862264803211098,0.06324179179460875,0.27128035915801035
0.10014831163008514,0.06762054203219649,0.2630813344149096,0.08693039031028589,0.06172793158453961,0.27130767279429985
0.10090560056498556,0.0659214068675423,0.2631282947270699,0.08760822768516953,0.0602074264567915,0.27133398073867543
0.10163441398104751,0.0642148991120938,0.2631742668013181,0.08825996049269373,0.058680722281028684,0.2713592820591715
0.10233470629473397,0.06250149319159858,0.26321925074215263,0.08888556391315157,0.057148263847202146,0.27138357615488556
0.10300643981388129,0.06078166311011798,0.26326324666910006,0.08948502011924372,0.05561049472168102,0.27140686280035625
0.10364958471194011,0.05905588231859741,0.26330625471671165,0.09005831830774039,0.05406785721975461,0.2714291420837613
0.10426411900001992,0.05732462358417403,0.2633482750345598,0.09060545479540592,0.052520792405885953,0.27145041431153666
0.10485002849675458,0.05558835886025855,0.26338930778723413,0.09110302344805583,0.051033231551787135,0.27147024458374747
0.10485002849675458,0.05558835886025855,0.26338930778723413,0.09147466750176328,0.049838123109402284,0.27148688341092525
0.10485002849675458,0.05558835886025855,0.26338930778723413,0.09170392093573958,0.04903485209780094,0.2714993559545258
0.10485002849675458,0.05558835886025855,0.26338930778723413,0.09181801110636503,0.048586517138951825,0.2715077452582828
0.10485002849675458,0.05558835886025855,0.26338930778723413,0.09185534726779157,0.04839850273094022,0.27151269224277297
0.10485002849675458,0.05558835886025855,0.26338930778723413,0.09185025654473919,0.04837014353474364,0.2715150483126609
0.10485002849675458,0.05558835886025855,0.26338930778723413,0.09182766532181702,0.04842030956749213,0.2715156661836545
0.10485002849675458,0.05558835886025855,0.26338930778723413,0.09180276303652866,0.04849479327394622,0.2715152782309107
0.10485002849675458,0.05558835886025855,0.26338930778723413,0.09178290142598242,0.04856365955517829,0.27151443863219143
0.10485002849675458,0.05558835886025855,0.26338930778723413,0.09177017594488732,0.04861462792261406,0.2715135149387061
0.10485002849675458,0.05558835886025855,0.26338930778723413,0.09176380409027526,0.04864613947937924,0.2715127128406588
0.10485002849675458,0.05558835886025855,0.26338930778723413,0.09176188664844141,0.048661829938309004,0.2715121169970928
0.10485002849675458,0.05558835886025855,0.26338930778723413,0.09176247642099958,0.04866687172070885,0.27151173399584655
0.10485002849675458,0.05558835886025855,0.26338930778723413,0.09176407556263298,0.048665977395567675,0.2715115288460974
0.10485002849675458,0.05558835886025855,0.26338930778723413,0.0917657530625413,0.0486625999669312,0.27151145144980504
0.10485002849675458,0.05558835886025855,0.26338930778723413,0.09176706148292296,0.04865885280733345,0.271511453024197
0.10485002849675458,0.05558835886025855,0.26338930778723413,0.09176788273326163,0.048655772687870934,0.27151149432398813
0.10485002849675458,0.05558835886025855,0.26338930778723413,0.09176827865775233,0.04865367900118407,0.27151154813188716
0.10485002849675458,0.05558835886025855,0.26338930778723413,0.0917683795405063,0.04865249612088225,0.27151159834245236
0.10485002849675458,0.05558835886025855,0.26338930778723413,0.09176831648328727,0.048651987067813665,0.2715116374611539
0.10485002849675458,0.05558835886025855,0.26338930778723413,0.09176818994570729,0.04865189493602757,0.2715116637473729
0.10485002849675458,0.05558835886025855,0.26338930778723413,0.09176806237357658,0.04865201111307331,0.27151167869927667
0.10485002849675458,0.05558835886025855,0.26338930778723413,0.09176796369985765,0.048652195252231335,0.2715116851766478
0.10485002849675458,0.05558835886025855,0.26338930778723413,0.09176790152864676,0.04865236903742755,0.2715116861960103
0.10485002849675458,0.05558835886025855,0.26338930778723413,0.09176787111944285,0.04865249953358735,0.2715116842912885
0.10485002849675458,0.05558835886025855,0.26338930778723413,0.09176786295326893,0.04865258156559576,0.2715116812805316
0.10485002849675458,0.05558835886025855,0.26338930778723413,0.0917678674108591,0.048652623595688935,0.27151167828189354
0.10485002849675458,0.05558835886025855,0.26338930778723413,0.09176787701311241,0.048652638329333274,0.2715116758526691
0.10485002849675458,0.05558835886025855,0.26338930778723413,0.09176788699745679,0.048652637545979954,0.2715116741643925
0.10485002849675458,0.05558835886025855,0.26338930778723413,0.09176789497587703,0.04865262998361419,0.2715116731632311
0.10485002849675458,0.05558835886025855,0.26338930778723413,0.0917679002357115,0.048652621067843405,0.27151167269281806
0.10485002849675458,0.05558835886025855,0.26338930778723413,0.09176790302920262,0.048652613529714894,0.2715116725750798
0.10485002849675458,0.05558835886025855,0.26338930778723413,0.09176790401780316,0.04865260828427628,0.2715116726547496
0.10485002849675458,0.05558835886025855,0.26338930778723413,0.09176790391482752,0.04865260522970276,0.2715116728172867
0.10485002849675458,0.05558835886025855,0.26338930778723413,0.09176790330248795,0.04865260383217924,0.2715116729901055
0.10485002849675458,0.05558835886025855,0.26338930778723413,0.09176790257286843,0.04865260348405091,0.2715116731352379
0.10485002849675458,0.05558835886025855,0.26338930778723413,0.091767901941211,0.04865260368040096,0.27151167323911435
0.10485002849675458,0.05558835886025855,0.26338930778723413,0.0917679014908774,0.04865260407492883,0.2715116733028495
0.10485002849675458,0.05558835886025855,0.26338930778723413,0.09176790122362037,0.04865260446939526,0.27151167333462667
0.10485002849675458,0.05558835886025855,0.26338930778723413,0.0917679011014217,0.0486526047757779,0.2715116733445739
0.10485002849675458,0.05558835886025855,0.26338930778723413,0.09176790107518899,0.04865260497473685,0.2715116733418526
0.10485002849675458,0.05558835886025855,0.26338930778723413,0.0917679011009374,0.04865260508174993,0.2715116733334015
0.10485002849675458,0.05558835886025855,0.26338930778723413,0.09176790114647633,0.04865260512425923,0.27151167332373727
0.10485002849675458,0.05558835886025855,0.26338930778723413,0.09176790119210936,0.048652605128845935,0.2715116733153189
0.10485002849675458,0.05558835886025855,0.26338930778723413,0.09176790122831253,0.04865260511574056,0.27151167330912057
0.10485002849675458,0.05558835886025855,0.26338930778723413,0.09176790125246204,0.04865260509782127,0.2715116733051982
0.10485002849675458,0.05558835886025855,0.26338930778723413,0.09176790126580397,0.048652605081827546,0.27151167330314446
0.10485002849675458,0.05558835886025855,0.26338930778723413,0.09176790127118419,0.04865260507027897,0.2715116733024016
0.10485002849675458,0.05558835886025855,0.26338930778723413,0.09176790127162246,0.048652605063273714,0.27151167330244486
0.10485002849675458,0.05558835886025855,0.26338930778723413,0.09176790126959293,0.04865260505982652,0.2715116733028659
0.10485002849675458,0.05558835886025855,0.26338930778723413,0.09176790126679368,0.04865260505870187,0.27151167330339165
0.10485002849675458,0.05558835886025855,0.26338930778723413,0.09176790126419826,0.04865260505883541,0.2715116733038683
0.10485002849675458,0.05558835886025855,0.26338930778723413,0.09176790126223153,0.048652605059479784,0.27151167330422954
0.10485002849675458,0.05558835886025855,0.26338930778723413,0.09176790126096798,0.0486526050601956,0.27151167330446496
0.10485002849675458,0.05558835886025855,0.26338930778723413,0.09176790126029899,0.04865260506077761,0.27151167330459375
0.10485002849675458,0.05558835886025855,0.26338930778723413,0.09176790126005094,0.048652605061168516,0.27151167330464565
0.10485002849675458,0.05558835886025855,0.26338930778723413,0.09176790126005471,0.048652605061388035,0.2715116733046498
0.10485002849675458,0.05558835886025855,0.26338930778723413,0.09176790126017811,0.04865260506148428,0.27151167330463
0.10485002849675458,0.05558835886025855,0.26338930778723413,0.09176790126033374,0.04865260506150654,0.27151167330460213
0.10485002849675458,0.05558835886025855,0.26338930778723413,0.09176790126047318,0.04865260506149266,0.2715116733045757
0.10485002849675458,0.05558835886025855,0.26338930778723413,0.09176790126057674,0.048652605061467256,0.27151167330455517
0.10485002849675458,0.05558835886025855,0.26338930778723413,0.09176790126064238,0.048652605061443185,0.2715116733045413
0.10485002849675458,0.05558835886025855,0.26338930778723413,0.09176790126067655,0.04865260506142555,0.27151167330453335
0.10485002849675458,0.05558835886025855,0.26338930778723413,0.09176790126068901,0.048652605061414736,0.27151167330452985
0.10485002849675458,0.05558835886025855,0.26338930778723413,0.09176790126068854,0.04865260506140938,0.27151167330452924
0.10485002849675458,0.05558835886025855,0.26338930778723413,0.091767901260682,0.0486526050614075,0.27151167330453013
0.10485002849675458,0.05558835886025855,0.26338930778723413,0.09176790126067391,0.04865260506140748,0.2715116733045315
0.10485002849675458,0.05558835886025855,0.26338930778723413,0.09176790126066671,0.04865260506140813,0.27151167330453296
0.10485002849675458,0.05558835886025855,0.26338930778723413,0.09176790126066131,0.04865260506140887,0.2715116733045341
0.10485002849675458,0.05558835886025855,0.26338930778723413,0.09176790126065791,0.04865260506140939,0.2715116733045349
0.10485002849675458,0.05558835886025855,0.26338930778723413,0.09176790126065615,0.04865260506140974,0.27151167330453535
0.10485002849675458,0.05558835886025855,0.26338930778723413,0.09176790126065544,0.04865260506140986,0.2715116733045356
0.10485002849675458,0.05558835886025855,0.26338930778723413,0.09176790126065543,0.048652605061409906,0.27151167330453563
0.10485002849675458,0.05558835886025855,0.26338930778723413,0.09176790126065577,0.04865260506140991,0.27151167330453563
0.10485002849675458,0.05558835886025855,0.26338930778723413,0.09176790126065613,0.04865260506140987,0.2715116733045356
0.10485002849675458,0.05558835886025855,0.26338930778723413,0.09176790126065652,0.04865260506140987,0.2715116733045355
0.10485002849675458,0.05558835886025855,0.26338930778723413,0.09176790126065681,0.04865260506140988,0.2715116733045354
0.10485002849675458,0.05558835886025855,0.26338930778723413,0.09176790126065695,0.04865260506140984,0.2715116733045354
0.10485002849675458,0.05558835886025855,0.26338930778723413,0.09176790126065706,0.04865260506140985,0.27151167330453535
0.10485002849675458,0.05558835886025855,0.26338930778723413,0.0917679012606571,0.04865260506140986,0.27151167330453535
0.10485002849675458,0.05558835886025855,0.26338930778723413,0.0917679012606571,0.048652605061409865,0.27151167330453535
0.10485002849675458,0.05558835886025855,0.26338930778723413,0.09176790126065709,0.04865260506140987,0.27151167330453535
0.10485002849675458,0.05558835886025855,0.26338930778723413,0.09176790126065708,0.04865260506140987,0.27151167330453535
0.10485002849675458,0.05558835886025855,0.26338930778723413,0.09176790126065706,0.048652605061409865,0.27151167330453535
0.10485002849675458,0.05558835886025855,0.26338930778723413,0.09176790126065702,0.04865260506140984,0.2715116733045354
0.10485002849675458,0.05558835886025855,0.26338930778723413,0.09176790126065702,0.04865260506140984,0.2715116733045354
0.10485002849675458,0.05558835886025855,0.26338930778723413,0.09176790126065701,0.04865260506140985,0.2715116733045354
0.10485002849675458,0.05558835886025855,0.26338930778723413,0.09176790126065701,0.04865260506140985,0.2715116733045354
0.10485002849675458,0.05558835886025855,0.26338930778723413,0.09176790126065701,0.04865260506140985,0.2715116733045354
0.10485002849675458,0.05558835886025855,0.26338930778723413,0.09176790126065701,0.04865260506140985,0.2715116733045354
0.10485002849675458,0.05558835886025855,0.26338930778723413,0.09176790126065701,0.04865260506140985,0.2715116733045354
0.10485002849675458,0.05558835886025855,0.26338930778723413,0.09176790126065701,0.04865260506140985,0.2715116733045354
0.10485002849675458,0.05558835886025855,0.26338930778723413,0.09176790126065701,0.04865260506140985,0.2715116733045354
0.10485002849675458,0.05558835886025855,0.26338930778723413,0.09176790126065701,0.04865260506140985,0.2715116733045354
0.10485002849675458,0.05558835886025855,0.26338930778723413,0.09176790126065701,0.04865260506140985,0.2715116733045354
0.10485002849675458,0.05558835886025855,0.26338930778723413,0.09176790126065701,0.04865260506140985,0.2715116733045354
0.10485002849675458,0.05558835886025855,0.26338930778723413,0.09176790126065701,0.04865260506140985,0.2715116733045354
0.10485002849675458,0.05558835886025855,0.26338930778723413,0.09176790126065701,0.04865260506140985,0.2715116733045354
0.10485002849675458,0.05558835886025855,0.26338930778723413,0.09176790126065701,0.04865260506140985,0.2715116733045354
0.10485002849675458,0.05558835886025855,0.26338930778723413,0.09176790126065702,0.04865260506140988,0.2715116733045354
0.10485002849675458,0.05558835886025855,0.26338930778723413,0.09176790126065702,0.04865260506140988,0.2715116733045354
0.10485002849675458,0.05558835886025855,0.26338930778723413,0.09176790126065702,0.04865260506140988,0.2715116733045354
0.10158819948652391,0.05477537631095605,0.2652351592752387,0.09165064681541492,0.04862512966759208,0.27156912779082804
0.09831730876586778,0.053905315725626374,0.2670265289630879,0.0909842731752647,0.04846556651014394,0.27189323668655874
0.09503890719209392,0.05297828284016047,0.2687629378978522,0.08957982607437177,0.04811712781319905,0.2725667797210698
0.09175454547016099,0.05199441831459539,0.27044392319128047,0.08750064940189209,0.04757587050640788,0.2735427968148169
0.08846577328662907,0.05095389768114349,0.27206903815564576,0.08491987524216046,0.046864880590543015,0.2747208734487444
0.08517413844484487,0.04985693127142157,0.27363785243454947,0.08202564674161048,0.04601802733214308,0.27599916594946194
0.08188118600187472,0.04870376412292267,0.2751499521286402,0.07897278219457668,0.045069580029361914,0.27729931134512015
0.07858845740769663,0.047494675864784903,0.27660493991620977,0.07586742691343268,0.04404792931825584,0.27857184224573794
0.07529748964716323,0.04622998058292624,0.27800243516862616,0.07277056243180188,0.042972885115190235,0.27979146543124406
0.07200981438524298,0.04491002666462469,0.27934207406056916,0.06970949807245104,0.04185579922003596,0.2809491605404953
0.06872695711604665,0.04353519662263676,0.2806235096750327,0.06669050626012273,0.04070136535311751,0.2820449021774357
0.06545043631614332,0.042105906898959836,0.2818464121030609,0.06370919338234524,0.039509971838729244,0.28308242842346754
0.062181762602668375,0.040622607648356956,0.28301046853818684,0.06075755006579363,0.03827983134401215,0.28406613347906673
0.05892243789671874,0.03908578250177169,0.28411538336554587,0.057827937961500764,0.03700852601176539,0.28499959875454844
0.05567395459253405,0.0374959483097783,0.2851608782456324,0.05491480935559624,0.03569391855074887,0.2858851664744677
0.05243779473295239,0.03585365486621907,0.2861466921926777,0.052015022352081164,0.03433454907950667,0.2867240569785103
0.04921542919162946,0.034159484612197324,0.2870725816476223,0.049127452390939096,0.03292969201595404,0.2875166893432952
0.04600831686250286,0.03241405232060257,0.28793832054566115,0.0462523720607616,0.031479233550605876,0.2882630120794932
0.04281790385698181,0.0306180047613602,0.28874370037834113,0.04339086320107725,0.02998348740694954,0.28896275896271256
0.039645622709333604,0.028772020347604975,0.2894885302501908,0.040544372989223594,0.028443019737984087,0.2896156115643414
0.03649289159073782,0.026876808762994836,0.2901726369298667,0.03771443236677876,0.026858515719720706,0.2902212829722983
0.03336111353246993,0.024933110570388266,0.29079586489580034,0.03490250913315536,0.025230694704093455,0.2907795478494268
0.03025167565867067,0.022941696802120732,0.29135807637633115,0.032109953523108185,0.023560266827580056,0.29129024250322877
0.027165948429155345,0.020903368532130394,0.2918591513843159,0.029337996950823453,0.0218479187451156,0.29175325230291244
0.024105284892705473,0.018818956430189226,0.2922989877462022,0.026587774614904185,0.02009431630366296,0.2921684968803179
0.021071019951282473,0.01668932029850917,0.2926775011255604,0.023860353633928286,0.018300114675983067,0.2925359180773651
0.018064469635595118,0.014515348591005188,0.2929946250410644,0.02115675734114436,0.016465969822931435,0.29285547206379176
0.015086930392445462,0.012297957915503432,0.29325031087892084,0.01847798243044941,0.014592548077610103,0.29312712519570294
0.012139678384269489,0.010038092519196833,0.2934445278997403,0.015825009070455805,0.012680532730071494,0.2933508525027431
0.009223968801283764,0.007736723757658539,0.29357726323985167,0.013198805593822008,0.010730627722775662,0.2935266376751404
0.006341035186638618,0.005394849547734733,0.29364852190706026,0.01060032967066237,0.008743559125480572,0.29365447369373365
0.0034920887749726264,0.003013493804646836,0.2936583267708519,0.008030527584093668,0.006720075177159323,0.29373436357451527
0.0006783178447529446,0.0005937058636441613,0.29360671854704806,0.0054903327389019645,0.004660945568496066,0.2937663209711039
-0.0020991129152208936,-0.0018634401134444006,0.2934937557769186,0.0029806640696065667,0.00256696043989174,0.2937503705592226
-0.004839063024782398,-0.0043568457463999035,0.29331951480075913,0.0005024246629764541,0.0004389293748349645,0.2936865482241523
-0.007540416816472403,-0.006885389059176886,0.2930840897259449,-0.0019434993131095296,-0.0017223194825479095,0.2935749011089712
-0.010202084024373963,-0.009447925116465205,0.2927875923894708,-0.0043562394000378705,-0.003915940154714675,0.29341548758313163
-0.012823000357366707,-0.012043286673864787,0.29243015231499286,-0.006734945428889787,-0.006141069423474782,0.2932083771769735
-0.015402128056469126,-0.01467028484128026,0.29201191666438625,-0.009078785965561085,-0.008396827328427869,0.29295365051037625
-0.017938456435949886,-0.017327709759135897,0.2915330501838356,-0.011386948680234054,-0.010682317611364376,0.2926513992291084
-0.020431002407894975,-0.020014331287000885,0.29099373514447857,-0.013658640681170795,-0.012996628138270929,0.29230172595256754
-0.022878810989932344,-0.022728899704209913,0.2903941712776226,-0.015893088835450122,-0.01533883131975074,0.29190474423126134
-0.02528095579582163,-0.025470146422055594,0.28973457570455663,-0.018089540086826464,-0.017707984541211697,0.2914605785103346
-0.02763653950863131,-0.02823678470712269,0.2890151828609828,-0.02024726177330859,-0.020103130607390548,0.2909693640953888
-0.02994469433623339,-0.031027510415328124,0.28823624441609486,-0.02236554194323922,-0.022523298201679507,0.290431247117684
-0.03220458244885784,-0.03384100273622248,0.2873980291863292,-0.02444368966728559,-0.024967502358727803,0.28984638449687605
-0.03441539639845983,-0.03667592494710481,0.28650082304381996,-0.026481035343709623,-0.0274347449481647,0.28921494390036157
-0.036576359519664835,-0.039530925176495854,0.28554492881958776,-0.028476930994828994,-0.029924015167434235,0.28853710369893826
-0.038686726312066086,-0.042404637176508275,0.28453066620149653,-0.0304307505532162,-0.03243429004215155,0.2878130529188666
-0.04074578280366265,-0.04529568110364854,0.2834583716270119,-0.032341890136754856,-0.03496453493288389,0.2870429911905669
-0.04275284689523729,-0.04820266430758155,0.2823283981707979,-0.03420976831205845,-0.037513704047639276,0.2862271286942239
-0.04470726868548233,-0.05112418212737792,0.2811411154271909,-0.036033826346002856,-0.04008074095961517,0.2853656861025263
-0.04660843077669932,-0.054058818694770194,0.279896909387588,-0.0378135284452536,-0.04266457912991366,0.28445889452070466
-0.04845574856090412,-0.05700514774392919,0.2785961823127945,-0.03954836198372211,-0.045264142434998426,0.28350699542397656
-0.05024867048618543,-0.05996173342727555,0.2772393526003707,-0.04123783771790168,-0.04787834569868689,0.2825102405924543
-0.05198667830317415,-0.06292713113683432,0.2758268546470242,-0.04288148999003579,-0.05050609522847048,0.2814688920435428
-0.05366928729149623,-0.06589988833063935,0.27435913870609285,-0.04447887691905452,-0.05314628935592333,0.2803832219618432
-0.05529604646608888,-0.06887854536368804,0.2728366707401676,-0.0460295805792179,-0.05579781898095515,0.2792535126265623
-0.05686653876327914,-0.07186163632295,0.2712599322689023,-0.047533207166396224,-0.058459568119640315,0.2780800563364373
-0.058380381206530406,-0.07484768986592497,0.2696294202120647,-0.04898938715191857,-0.061130414455346824,0.27686315533218264
-0.05983722505177763,-0.07783523006224792,0.26794564672787713,-0.05039777542392236,-0.0638092298928805,0.2756031217164702
-0.06123675591228445,-0.08082277723783421,0.2662091390467047,-0.05175805141614298,-0.06649488111535734,0.2743002773714611
-0.06257869386296717,-0.08380884882105973,0.2644204393001436,-0.05306991922408395,-0.06918623014350994,0.272954953873909
-0.06386279352414373,-0.08679196019046687,0.26258010434556855,-0.0543331077085218,-0.07188213489714447,0.27156749240785366
-0.06508884412467814,-0.08977062552348851,0.260688705586196,-0.0555473705862953,-0.07458144975844434,0.2701382436749328
-0.06625666954450328,-0.09274335864568119,0.2587468287867253,-0.05671248650834651,-0.07728302613683624,0.26866756780233514
-0.06736612833651823,-0.09570867387995836,0.256755073884616,-0.057828259124981074,-0.07998571303512167,0.2671558342484192
-0.06841711372786777,-0.09866508689531478,0.2547140547970679,-0.058894517138324755,-0.08268835761658083,0.26560342170602697
-0.06940955360062531,-0.10161111555453455,0.2526243992237644,-0.05991111434195949,-0.08538980577275541,0.26401071800351583
-0.07034341045191322,-0.10454528076037575,0.2504867484454467,-0.060877929647729354,-0.08808890269161644,0.2623781200035384
-0.07121868133350498,-0.10746610729972485,0.2483017571183853,-0.06179486709971291,-0.09078449342582058,0.26070603349959826
-0.07203539777096962,-0.11037212468521705,0.24607009306481645,-0.06266185587536807,-0.09347542346076872,0.25899487311040426
-0.07279362566242746,-0.1132618679938199,0.2437924370594136,-0.06347885027385719,-0.09616053928216368,0.2572450621720604
-0.07349346515700222,-0.11613387870187991,0.24146948261186413,-0.06424582969157257,-0.09883868894278082,0.2554570326281128
-0.07413505051306354,-0.1189867055161328,0.23910193574562316,-0.06496279858488523,-0.1015087226281566,0.2536312249174881
-0.07471854993636892,-0.12181890520018443,0.23669051477291886,-0.06562978642014872,-0.10416949322090442,0.2517680878603502
-0.0752441653982251,-0.12462904339596777,0.23423595006608156,-0.06624684761099509,-0.10681985686336608,0.24986807854190846
-0.0757121324338005,-0.12741569543968828,0.23173898382527394,-0.06681406144296806,-0.10945867351830943,0.2479316621942077
-0.07612271992073358,-0.13017744717177254,0.22920036984269843,-0.06733153198554402,-0.11208480752738434,0.24595931207592991
-0.07647622983819348,-0.1329128957403385,0.22662087326335956,-0.06779938799159783,-0.11469712816704705,0.2439515093502454
-0.07677299700655975,-0.13562065039770935,0.2240012703424599,-0.0682177827843797,-0.11729451020167353,0.24190874296073792
-0.07701338880790251,-0.13829933328950147,0.22134234819951037,-0.06858689413207128,-0.11987583443356886,0.2398315095054451
-0.07719780488745372,-0.140947580235815,0.21864490456923483,-0.06890692411000034,-0.12243998824959848,0.23772031310904343
-0.07732667683627112,-0.1435640415040669,0.21590974754935255,-0.06917809895059639,-0.12498586616415583,0.23557566529321294
-0.07740046785531145,-0.1461473825730094,0.21313769534531943,-0.06940066888117809,-0.1275123703581912,0.2333980848452176
-0.07741967240113577,-0.14869628488748116,0.21032957601211405,-0.06957490794966911,-0.1300184112140249,0.23118809768473417
-0.07738481581348482,-0.15120944660344582,0.20748622719315246,-0.06970111383834397,-0.1325029078456699,0.22894623672896822
-0.07729645392497063,-0.15368558332288063,0.20460849585641666,-0.0697796076657146,-0.1349647886243946,0.2266730417560924
-0.07715517265314373,-0.15612342881807847,0.20169723802788594,-0.06981073377667174,-0.13740299169925943,0.22436905926703984
-0.07696158757520186,-0.1585217357449426,0.19875331852235556,-0.06979485952100217,-0.13981646551235624,0.2220348423456973
-0.07671634348562266,-0.16087927634484883,0.195777610671733,-0.0697323750204108,-0.142204169308493,0.21967095051752755
-0.07642011393700573,-0.16319484313466923,0.19277099605090156,-0.06962369292417861,-0.14456507363906287,0.21727794960666533
-0.07607360076442572,-0.1654672495845494,0.18973436420123818,-0.0694692481535979,-0.146898160859841,0.21485641159151903
-0.0756775335936045,-0.16769533078304466,0.18666861235187895,-0.06926949763532832,-0.14920242562245747,0.21240691445892207
-0.07523266933322055,-0.16987794408922524,0.18357464513882288,-0.0690249200238249,-0.1514768753592963,0.20993004205686952
-0.07473979165168372,-0.17201396977137223,0.1804533743219648,-0.06873601541299545,-0.15372053076157371,0.20742638394588211
-0.07419971043871373,-0.17410231163189052,0.17730571850015134,-0.06840330503724727,-0.15593242625035947,0.20489653524903134
-0.07361326125206552,-0.17614189761807797,0.1741326028243518,-0.06802733096209307,-0.1581116104402952,0.20234109650067472
-0.07298130474976043,-0.17813168041839345,0.17093495870903927,-0.06762787317273748,-0.16017056725373024,0.19986119245974857
-0.07298130474976043,-0.17813168041839345,0.17093495870903927,-0.06728423974130453,-0.1618002433672799,0.19783524667997732
-0.07298130474976043,-0.17813168041839345,0.17093495870903927,-0.06704504123127823,-0.16288439151241282,0.19644181717943796
-0.07298130474976043,-0.17813168041839345,0.17093495870903927,-0.06691178295737672,-0.16348673824408178,0.1956375937044343
-0.07298130474976043,-0.17813168041839345,0.17093495870903927,-0.06685950642105484,-0.16374016305380099,0.19527723719920306
-0.07298130474976043,-0.17813168041839345,0.17093495870903927,-0.06685664618047016,-0.16378041809232227,0.19519804009481884
-0.07298130474976043,-0.17813168041839345,0.17093495870903927,-0.06687675168609597,-0.16371543674288933,0.19526455957561667
-0.07298130474976043,-0.17813168041839345,0.17093495870903927,-0.0669024069231976,-0.16361721128639364,0.19538336957113334
-0.07298130474976043,-0.17813168041839345,0.17093495870903927,-0.06692452256787994,-0.16352570603846733,0.19550054829651337
-0.07298130474976043,-0.17813168041839345,0.17093495870903927,-0.06693988350335431,-0.16345754495442177,0.1955918622909914
-0.07298130474976043,-0.17813168041839345,0.17093495870903927,-0.06694863335375018,-0.16341507738148423,0.19565182935507514
-0.07298130474976043,-0.17813168041839345,0.17093495870903927,-0.0669523736892082,-0.16339365803017752,0.1956846812996112
-0.07298130474976043,-0.17813168041839345,0.17093495870903927,-0.06695298593458421,-0.16338650760879359,0.1956981580111611
-0.07298130474976043,-0.17813168041839345,0.17093495870903927,-0.06695204282441866,-0.16338739103934233,0.19569993103163213
-0.07298130474976043,-0.17813168041839345,0.17093495870903927,-0.0669506153422445,-0.16339170737245012,0.19569599357708994
-0.07298130474976043,-0.17813168041839345,0.17093495870903927,-0.0669493006347599,-0.16339661742254494,0.19569029073547303
-0.07298130474976043,-0.17813168041839345,0.17093495870903927,-0.06694834334599717,-0.16340070844362334,0.19568499225004476
-0.07298130474976043,-0.17813168041839345,0.17093495870903927,-0.06694777166547193,-0.16340352501900232,0.1956809978783756
-0.07298130474976043,-0.17813168041839345,0.17093495870903927,-0.06694750894218598,-0.16340514442553325,0.19567843916177835
-0.07298130474976043,-0.17813168041839345,0.17093495870903927,-0.06694744857612912,-0.1634058667633712,0.1956770714323896
-0.07298130474976043,-0.17813168041839345,0.17093495870903927,-0.06694749498632542,-0.1634060258398683,0.19567653176960342
-0.07298130474976043,-0.17813168041839345,0.17093495870903927,-0.06694757971608246,-0.16340589654633195,0.19567648090564338
-0.07298130474976043,-0.17813168041839345,0.17093495870903927,-0.06694766251506998,-0.16340566628498007,0.19567666226435387
-0.07298130474976043,-0.17813168041839345,0.17093495870903927,-0.06694772533083851,-0.16340544156796677,0.19567691096781098
-0.07298130474976043,-0.17813168041839345,0.17093495870903927,-0.0669477644506078,-0.1634052689595067,0.19567713837575856
-0.07298130474976043,-0.17813168041839345,0.17093495870903927,-0.06694778360534055,-0.16340515780042766,0.195677308921988
-0.07298130474976043,-0.17813168041839345,0.17093495870903927,-0.06694778909731658,-0.16340509867462422,0.19567741843521885
-0.07298130474976043,-0.17813168041839345,0.17093495870903927,-0.06694778697168666,-0.16340507585460876,0.19567747774918026
-0.07298130474976043,-0.17813168041839345,0.17093495870903927,-0.06694778177323275,-0.1634050742776154,0.1956775021738723
-0.07298130474976043,-0.17813168041839345,0.17093495870903927,-0.06694777631566871,-0.16340508251899316,0.19567750582982596
-0.07298130474976043,-0.17813168041839345,0.17093495870903927,-0.06694777196957627,-0.16340509331249334,0.19567749935997175
-0.07298130474976043,-0.17813168041839345,0.17093495870903927,-0.06694776912382477,-0.16340510285809004,0.19567748963530487
-0.07298130474976043,-0.17813168041839345,0.17093495870903927,-0.06694776762219176,-0.16340510974253966,0.19567748041266608
-0.07298130474976043,-0.17813168041839345,0.17093495870903927,-0.06694776708946172,-0.16340511392770288,0.19567747327838172
-0.07298130474976043,-0.17813168041839345,0.17093495870903927,-0.06694776713251734,-0.1634051159945457,0.19567746852086032
-0.07298130474976043,-0.17813168041839345,0.17093495870903927,-0.06694776743803331,-0.1634051166694925,0.1956774657887011
-0.07298130474976043,-0.17813168041839345,0.17093495870903927,-0.06694776780012814,-0.16340511658192639,0.19567746451601706
-0.07298130474976043,-0.17813168041839345,0.17093495870903927,-0.06694776810922193,-0.16340511617840692,0.19567746415589535
-0.07298130474976043,-0.17813168041839345,0.17093495870903927,-0.0669477683253223,-0.16340511572549976,0.19567746428038107
-0.07298130474976043,-0.17813168041839345,0.17093495870903927,-0.06694776845002195,-0.16340511535118485,0.19567746460070023
-0.07298130474976043,-0.17813168041839345,0.17093495870903927,-0.06694776850413839,-0.16340511509404593,0.19567746494803676
-0.07298130474976043,-0.17813168041839345,0.17093495870903927,-0.06694776851296541,-0.16340511494487894,0.19567746524080748
-0.07298130474976043,-0.17813168041839345,0.17093495870903927,-0.06694776849835665,-0.16340511487564016,0.19567746545263529
-0.07298130474976043,-0.17813168041839345,0.17093495870903927,-0.06694776847576041,-0.163405114856338,0.19567746558711108
-0.07298130474976043,-0.17813168041839345,0.17093495870903927,-0.06694776845423023,-0.16340511486284648,0.19567746566062966
-0.07298130474976043,-0.17813168041839345,0.17093495870903927,-0.06694776843782857,-0.16340511487898962,0.19567746569221933
-0.07298130474976043,-0.17813168041839345,0.17093495870903927,-0.06694776842737732,-0.16340511489565882,0.19567746569847888
-0.07298130474976043,-0.17813168041839345,0.17093495870903927,-0.06694776842198814,-0.16340511490883702,0.1956774656917706
-0.07298130474976043,-0.17813168041839345,0.17093495870903927,-0.06694776842015483,-0.16340511491759618,0.1956774656802119
-0.07298130474976043,-0.17813168041839345,0.17093495870903927,-0.06694776842040269,-0.16340511492253693,0.1956774656684695
-0.07298130474976043,-0.17813168041839345,0.17093495870903927,-0.06694776842158856,-0.16340511492477422,0.19567746565876068
-0.07298130474976043,-0.17813168041839345,0.17093495870903927,-0.06694776842297022,-0.16340511492538623,0.19567746565176386
-0.07298130474976043,-0.17813168041839345,0.17093495870903927,-0.06694776842415397,-0.16340511492519072,0.19567746564731464
-0.07298130474976043,-0.17813168041839345,0.17093495870903927,-0.0669477684249948,-0.16340511492470916,0.19567746564488198
-0.07298130474976043,-0.17813168041839345,0.17093495870903927,-0.06694776842549627,-0.16340511492422044,0.1956774656438547
-0.07298130474976043,-0.17813168041839345,0.17093495870903927,-0.0669477684257315,-0.16340511492383933,0.19567746564369065
-0.07298130474976043,-0.17813168041839345,0.17093495870903927,-0.06694776842579106,-0.163405114923587,0.1956774656439758
-0.07298130474976043,-0.17813168041839345,0.17093495870903927,-0.06694776842575467,-0.16340511492344184,0.1956774656444301
-0.07298130474976043,-0.17813168041839345,0.17093495870903927,-0.06694776842568038,-0.1634051149233708,0.19567746564488664
-0.07298130474976043,-0.17813168041839345,0.17093495870903927,-0.06694776842560346,-0.1634051149233435,0.19567746564526362
-0.07298130474976043,-0.17813168041839345,0.17093495870903927,-0.0669477684255412,-0.16340511492333848,0.1956774656455344
-0.07298130474976043,-0.17813168041839345,0.17093495870903927,-0.0669477684254988,-0.16340511492334245,0.1956774656457047
-0.07298130474976043,-0.17813168041839345,0.17093495870903927,-0.06694776842547451,-0.1634051149233487,0.1956774656457949
-0.07298130474976043,-0.17813168041839345,0.17093495870903927,-0.06694776842546386,-0.16340511492335438,0.19567746564582933
-0.07298130474976043,-0.17813168041839345,0.17093495870903927,-0.06694776842546182,-0.1634051149233588,0.19567746564582994
-0.07298130474976043,-0.17813168041839345,0.17093495870903927,-0.06694776842546432,-0.16340511492336202,0.1956774656458136
-0.07298130474976043,-0.17813168041839345,0.17093495870903927,-0.06694776842546846,-0.16340511492336432,0.19567746564579172
-0.07298130474976043,-0.17813168041839345,0.17093495870903927,-0.06694776842547252,-0.16340511492336598,0.1956774656457712
-0.07298130474976043,-0.17813168041839345,0.17093495870903927,-0.0669477684254757,-0.16340511492336732,0.19567746564575497
-0.07298130474976043,-0.17813168041839345,0.17093495870903927,-0.06694776842547781,-0.16340511492336815,0.19567746564574381
-0.07298130474976043,-0.17813168041839345,0.17093495870903927,-0.066947768425479,-0.16340511492336873,0.19567746564573726
-0.07298130474976043,-0.17813168041839345,0.17093495870903927,-0.06694776842547955,-0.16340511492336912,0.1956774656457341
-0.07298130474976043,-0.17813168041839345,0.17093495870903927,-0.06694776842547961,-0.16340511492336923,0.1956774656457334
-0.07298130474976043,-0.17813168041839345,0.17093495870903927,-0.06694776842547949,-0.16340511492336926,0.19567746564573388
-0.07298130474976043,-0.17813168041839345,0.17093495870903927,-0.06694776842547925,-0.16340511492336912,0.1956774656457349
-0.07298130474976043,-0.17813168041839345,0.17093495870903927,-0.06694776842547907,-0.16340511492336907,0.19567746564573607
-0.07298130474976043,-0.17813168041839345,0.17093495870903927,-0.06694776842547889,-0.16340511492336893,0.19567746564573696
-0.07298130474976043,-0.17813168041839345,0.17093495870903927,-0.0669477684254788,-0.16340511492336882,0.19567746564573768
-0.07298130474976043,-0.17813168041839345,0.17093495870903927,-0.06694776842547874,-0.16340511492336873,0.1956774656457381
-0.07298130474976043,-0.17813168041839345,0.17093495870903927,-0.06694776842547871,-0.1634051149233687,0.19567746564573832
-0.07298130474976043,-0.17813168041839345,0.17093495870903927,-0.0669477684254787,-0.16340511492336868,0.19567746564573837
-0.07298130474976043,-0.17813168041839345,0.17093495870903927,-0.0669477684254787,-0.1634051149233687,0.1956774656457384
-0.07298130474976043,-0.17813168041839345,0.17093495870903927,-0.06694776842547873,-0.16340511492336865,0.19567746564573835
-0.07298130474976043,-0.17813168041839345,0.17093495870903927,-0.06694776842547875,-0.16340511492336868,0.19567746564573826
-0.07298130474976043,-0.17813168041839345,0.17093495870903927,-0.06694776842547874,-0.16340511492336868,0.1956774656457382
-0.07298130474976043,-0.17813168041839345,0.17093495870903927,-0.06694776842547875,-0.1634051149233687,0.19567746564573818
-0.07298130474976043,-0.17813168041839345,0.17093495870903927,-0.06694776842547875,-0.1634051149233687,0.19567746564573818
-0.07298130474976043,-0.17813168041839345,0.17093495870903927,-0.06694776842547875,-0.1634051149233687,0.19567746564573818
-0.07298130474976043,-0.17813168041839345,0.17093495870903927,-0.06694776842547875,-0.1634051149233687,0.19567746564573818
-0.07298130474976043,-0.17813168041839345,0.17093495870903927,-0.06694776842547875,-0.1634051149233687,0.19567746564573818
-0.07298130474976043,-0.17813168041839345,0.17093495870903927,-0.06694776842547875,-0.1634051149233687,0.19567746564573818
-0.07298130474976043,-0.17813168041839345,0.17093495870903927,-0.06694776842547875,-0.1634051149233687,0.19567746564573818
-0.07298130474976043,-0.17813168041839345,0.17093495870903927,-0.06694776842547875,-0.1634051149233687,0.19567746564573818
-0.07298130474976043,-0.17813168041839345,0.17093495870903927,-0.06694776842547875,-0.1634051149233687,0.19567746564573818
-0.07298130474976043,-0.17813168041839345,0.17093495870903927,-0.06694776842547875,-0.1634051149233687,0.19567746564573818
-0.07298130474976043,-0.17813168041839345,0.17093495870903927,-0.06694776842547875,-0.1634051149233687,0.19567746564573818
-0.07298130474976043,-0.17813168041839345,0.17093495870903927,-0.06694776842547875,-0.1634051149233687,0.19567746564573818
-0.07298130474976043,-0.17813168041839345,0.17093495870903927,-0.06694776842547875,-0.1634051149233687,0.19567746564573818
-0.07298130474976043,-0.17813168041839345,0.17093495870903927,-0.06694776842547875,-0.1634051149233687,0.19567746564573818
-0.07298130474976043,-0.17813168041839345,0.17093495870903927,-0.06694776842547875,-0.1634051149233687,0.19567746564573818
-0.07298130474976043,-0.17813168041839345,0.17093495870903927,-0.06694776842547875,-0.1634051149233687,0.19567746564573818
