3.729655473350135e-17,-6.938893903907228e-18,0.31050900000000003,3.729655473350135e-17,-6.938893903907228e-18,0.31050900000000003
-4.223660625079194e-07,2.7504795521710382e-05,0.31050648241670575,-1.0763898821309487e-08,1.6632416359397412e-05,0.31050899710018404
-1.6889574415345984e-06,5.498012127503997e-05,0.31049892972767484,-4.043606673916414e-07,9.412986424441223e-05,0.3105088662564744
-3.7982541641443275e-06,8.239653918340299e-05,0.310486342115461,-2.6678557212391277e-06,0.00022399666067267517,0.31050792393279975
-6.747724451578244e-06,0.00010972467452930248,0.3104687198843151,-8.607311031091826e-06,0.00037283021665306115,0.310504775719739
-1.0533826982302152e-05,0.00013693524757395562,0.31044606346017656,-1.8793574411046527e-05,0.0005098736985707977,0.31049778066681705
-1.515201405813166e-05,0.0001639991051039305,0.31041837339066214,-3.2222980868830756e-05,0.0006170615908749986,0.3104856242121081
-2.059673567132627e-05,0.00019088725188155624,0.31038565034505083,-4.713668809586038e-05,0.0006894724499922761,0.3104675963861078
-2.6861444469879507e-05,0.00021757088197489095,0.31034789511426614,-6.200678986307108e-05,0.0007314709112729804,0.31044354827043785
-3.393860161759457e-05,0.00024402140994293255,0.3103051086108538,-7.605507516381766e-05,0.0007519277819343639,0.3104136825254038
-4.1819683545129584e-05,0.0002702105018532394,0.31025729186895806,-8.925503975179203e-05,0.0007603429986367677,0.3103783302057934
-5.049518958725628e-05,0.00029611010610682865,0.31020444604429276,-0.00010205328182590501,0.000764501409678946,0.3103377942243006
-5.995465050134547e-05,0.00032169248404808823,0.3101465724141107,-0.00011504883707720527,0.0007695563470523879,0.3102922753059302
-7.018663786103235e-05,0.0003469302403344421,0.3100836723771683,-0.00012876150783231485,0.0007781104390595598,0.31024186155989153
-8.117877431933494e-05,0.0003717963530459247,0.310015747453688,-0.00014352098424008771,0.0007908174065577797,0.3101865533238642
-9.291774473318374e-05,0.00039626420350574905,0.30994279928531737,-0.00015945372203816184,0.0008071281224024205,0.31012629936760044
-0.00010538930814313384,0.00042030760579551615,0.3098648296350842,-0.00017652723203547102,0.0008259484318556484,0.3100610295869178
-0.00011857831059905813,0.000443900835936914,0.3097818403873485,-0.00019461502551452168,0.0008461063292684191,0.3099906777072505
-0.00013246869882371174,0.0004670186607201518,0.30969383354775176,-0.0002135571076571813,0.0008666173495067743,0.3099151932418884
-0.00014704353470472561,0.000489636366155892,0.3096008112431627,-0.00023320332270494498,0.0008867868705830471,0.3098345449189886
-0.00016228501060519974,0.0005117297855286064,0.3095027757216188,-0.00025343662911981907,0.0009062051049509925,0.30974871871432086
-0.00017817446548243202,0.0005332753270291934,0.3093997293522665,-0.0002741794427916697,0.000924686974694118,0.30965771335169445
-0.00019469240180396792,0.0005542500009458069,0.309291674625296,-0.00029538879186447845,0.0009421957349039865,0.3095615353427875
-0.0002118185032495665,0.0005746314463915669,0.30917861415187403,-0.00031704611339524076,0.0009587738875521997,0.3094601947731552
-0.0002295316531864297,0.0005943979575464744,0.309060550664073,-0.0003391462004970645,0.0009744919871985235,0.3093537023296367
-0.00024780995390583744,0.0006135285093949155,0.30893748701479745,-0.0003616880276978958,0.000989417050556999,0.3092420675846946
-0.0002666307466079928,0.0006320027829377194,0.30880942617770574,-0.0003846685707597434,0.001003597383210722,0.30912529829519797
-0.0002859706321207867,0.0006498011898571788,0.30867637124712993,-0.0004080795950787896,0.0010170588165713344,0.30900340038491736
-0.0003058054923390208,0.000666904896616867,0.3085383254379922,-0.0004319067637163546,0.0010298074739967626,0.308876378299303
-0.00032611051236920057,0.0006832958479762192,0.3083952920857171,-0.0004561302165854626,0.0010418352655804132,0.3087442354933233
-0.00034686020336507006,0.0006989567899015892,0.3082472746461411,-0.00048072584694096266,0.0010531256437499026,0.30860697489874633
-0.0003680284260371403,0.0007138712918523683,0.3080942766954196,-0.000505666707567208,0.001063658330757767,0.3084645992928233
-0.0003895884148219955,0.0007280237684282719,0.307936301929929,-0.0005309242111839548,0.0010734125844578096,0.30831711154560937
-0.00041151280269270587,0.0007413995003552436,0.3077733541661674,-0.0005564689854710477,0.0010823690842526375,0.3081645147568252
-0.000433773646594803,0.0007539846547956145,0.3076054373406504,-0.0005822713776518934,0.0010905107583754157,0.30800681230886795
-0.00045634245349056,0.0007657663049657881,0.30743255550980464,-0.0006083016767904313,0.0010978229263101935,0.3078440078657766
-0.00047919020699098295,0.0007767324490398804,0.30725471284985795,-0.0006345301470789249,0.0011042930795727903,0.30767610534397233
-0.0005022873945613763,0.0007868720283307797,0.3070719136567261,-0.0006609269597123747,0.001109910533014527,0.3075031088736091
-0.0005256040352779275,0.0007961749447261152,0.306884162345896,-0.0006874620901222437,0.0011146660866026559,0.30732502276214935
-0.0005491097081183416,0.0008046320773676466,0.30669146345230636,-0.0007141052228219662,0.0011185517638506465,0.3071418514658195
-0.0005727735807659752,0.0008122352985578864,0.3064938216302247,-0.0007408256846818746,0.0011215606434842613,0.3069535995704237
-0.0005965644389078501,0.0008189774888798067,0.30629124165312094,-0.0007675924120178392,0.0011236867733543585,0.30676027178054177
-0.0006204507160066206,0.0008248525515166562,0.30608372841353837,-0.0007943739477239784,0.0011249251444212741,0.3065618729150481
-0.0006444005235243838,0.0008298554257564501,0.3058712869229605,-0.0008211384606557071,0.0011252717017160158,0.30635840790670327
-0.000668381681579486,0.0008339820996714001,0.305653922311676,-0.0008478537789284252,0.0011247233734402711,0.30614988180389896
-0.0006923617500125471,0.000837229621956738,0.30543163982863875,-0.000874487430168542,0.0011232781052564148,0.30593629977316583
-0.0007163080598419106,0.0008395961129196525,0.30520444484132603,-0.0009010066838391604,0.0011209348922959685,0.3057176671015813
-0.0007401877450859827,0.0008410807746065362,0.3049723428355932,-0.0009273785927990529,0.0011176938055711856,0.30549398919865367
-0.0007639677749288402,0.0008416839000561453,0.3047353394155248,-0.0009535700328565824,0.0011135560121463377,0.30526527159756023
-0.0007876149862092448,0.000841406881671931,0.3044934403032823,-0.000979547740140987,0.0011085237898361116,0.3050315199557945
-0.0008110961162069298,0.0008402522187000248,0.3042466513389497,-0.0018863506421018133,0.0020689704887806477,0.30501450858911333
-0.0008343778357058364,0.000838223523807336,0.3039949784803749,-0.0028229508616006353,0.0030011431649010923,0.3049902329815226
-0.0008574267823095922,0.0008353255287494952,0.3037384278030079,-0.0037886552508565267,0.0039043235307597533,0.3049586941592616
-0.0008802095939853733,0.0008315640891209458,0.3034770054997371,-0.0047827547310844275,0.0047778089852301385,0.30491989336937264
-0.0009026929428132611,0.0008269461881804142,0.30321071788072046,-0.005804524635903115,0.005620912954773103,0.3048738320796462
-0.0009248435689165192,0.0008214799397450604,0.302939571373215,-0.006853225061904871,0.0064329652272943905,0.3048205119785625
-0.0009466283145483528,0.0008151745901466157,0.30266357252140264,-0.007928101226261941,0.007213312278465521,0.3047599349752309
-0.0009680141583119479,0.0008080405192453692,0.30238272798621285,-0.009028383831225822,0.007961317590369773,0.30469210319932455
-0.0009889682494871586,0.0008000892404950626,0.30209704454514186,-0.01015328943536089,0.00867636196232574,0.3046170190010098
-0.0010094579424419713,0.0007913334000572538,0.3018065290920695,-0.011302020831343226,0.00935784381373963,0.30453468495086744
-0.0010294508311007792,0.0007817867749584251,0.3015111886370724,-0.012473767430149578,0.010005179478841211,0.3044451038398087
-0.0010489147834471441,0.0007714642702893095,0.3012110303062333,-0.013667705651458298,0.010617803493163502,0.3043482786789816
-0.0010678179760353567,0.0007603819154433011,0.30090606134144915,-0.014882999320081792,0.011195168871633803,0.30424421269967233
-0.001086128928483932,0.000748556859390904,0.3005962891002339,-0.0161188000682485,0.011736747378146922,0.3041329093531986
-0.001103816537929013,0.0007360073649916457,0.30028172105551987,-0.017374247743551313,0.012242029786499138,0.30401437231079625
-0.0011208501134091727,0.0007227528023400513,0.2999623647954547,-0.018648470822377333,0.012710526132564062,0.30388860546349905
-0.0011371994101589292,0.0007088136411483046,0.2996382280231968,-0.019940586828632895,0.013141765957597466,0.30375561292201253
-0.001152834663784527,0.000694211442164981,0.29930931855670545,-0.021249702757573687,0.01353529854256,0.30361539901658025
-0.001167726624295966,0.0006789688476311704,0.2989756443285299,-0.022574915504550437,0.013890693133353237,0.30346796829684375
-0.0011818465899719314,0.0006631095707769815,0.2986372133855943,-0.023915312298475544,0.014207539156866046,0.30331332553169654
-0.0011951664410303846,0.0006466583843600469,0.2982940338889796,-0.025269971139815987,0.014485446427734094,0.30315147570912976
-0.0012076586730805192,0.0006296411082499301,0.29794611411370275,-0.026637961242914125,0.014724045345717952,0.30298242403607323
-0.0012192964303313274,0.0006120845960623884,0.29759346244849255,-0.02801834348243768,0.014922987083610936,0.30280617593822784
-0.0012300535385301723,0.000594016720847427,0.2972360873955625,-0.029410170843756224,0.015081943765590385,0.30262273705989295
-0.001239904537608184,0.0005754663598371984,0.29687399757038035,-0.030812488877042233,0.015200608635931992,0.30243211326378555
-0.001248824714005684,0.0005564633782588349,0.29650720170143496,-0.03222433615489022,0.015278696218009587,0.30223431063085426
-0.0012567901326541674,0.0005370386122189362,0.2961357086300001,-0.03364474473324869,0.015315942463508418,0.3020293354600854
-0.0012637776685901496,0.0005172238506672387,0.295759527309895,-0.03507274061545631,0.015312104891783652,0.30181719426830306
-0.0012697650381746184,0.0004970518164460497,0.2953786668072419,-0.0365073442191724,0.015266962719299896,0.3015978937899627
-0.0012747308298964506,0.00047655614643511007,0.29499313630022034,-0.03793868506820558,0.015205301278209156,0.3013714757199983
-0.0024721514099350227,0.0009242099757000976,0.2949820381259067,-0.039333927118553436,0.015223618305252165,0.30113804137257305
-0.0036694958732154336,0.0013718353488328871,0.2949638467156199,-0.04067921495188022,0.015374122626620785,0.30089756302735726
-0.004866727353881148,0.0018194184835902214,0.29493856262946755,-0.04197841700940083,0.01565539037513862,0.3006499327960027
-0.006063808989554324,0.0022669455990291364,0.29490618664593876,-0.0432425959393921,0.016038669302741504,0.30039503843732895
-0.00726070392247106,0.002714402915931738,0.29486671976187995,-0.0444839325931911,0.0164878661151883,0.3001327986393322
-0.008457375300615627,0.0031617766572290037,0.2948201631924636,-0.0457127295985115,0.016971177921829575,0.29986316976023103
-0.009653786278855785,0.0036090530484253324,0.294766518371152,-0.04693629561371292,0.01746582303203171,0.2995861382162025
-0.010849900020076759,0.004056218318022381,0.2947057869496521,-0.048158952994835344,0.017958329905673052,0.2993017088795366
-0.012045679696315478,0.004503258697943243,0.29463797079786513,-0.049382639559493666,0.018442622839777448,0.29900989506923026
-0.013241088489894987,0.004950160423956348,0.2945630720038289,-0.05060770815933244,0.018917479687162737,0.29871071205082567
-0.014436089594557285,0.0053969097360992025,0.2944810928736536,-0.05183366204383329,0.0193842527574909,0.2984041738647272
-0.015630646216597377,0.0058434928791021926,0.29439203593145064,-0.05305969850891713,0.019845217957212787,0.29809029246907903
-0.01682472157599542,0.0062898961028118126,0.29429590391925486,-0.05428503801448414,0.020302586710586143,0.2977690781143741
-0.018018278907549624,0.006736105662614348,0.29419269979694074,-0.05550907615709424,0.020758050797898765,0.29744054013775495
-0.019211281462008227,0.007182107819858969,0.29408242674213014,-0.05673141696911112,0.021212680770949212,0.29710468770534076
-0.020403692507200547,0.007627888842280495,0.2939650881500958,-0.05795184240772576,0.021667014635042815,0.2967615303088688
-0.02159547532916873,0.008073435004422728,0.2938406876336556,-0.059170258434352585,0.022121217187761746,0.2964110779989753
-0.022786593233297424,0.008518732588060442,0.29370922902306207,-0.06038664202236331,0.022575237641480807,0.29605334142139034
-0.02397700954544394,0.008963767882622257,0.293570716365884,-0.06160100037634178,0.02302893161606227,0.2956883317426169
-0.02516668761306738,0.009408527185612551,0.2934251539268825,-0.06276284574343571,0.023463260709469556,0.2953317241137974
-0.02516668761306738,0.009408527185612551,0.2934251539268825,-0.06368950426094361,0.02380979765953918,0.2950421091050947
-0.02516668761306738,0.009408527185612551,0.2934251539268825,-0.06430680024291895,0.024040717995652716,0.2948466128394043
-0.02516668761306738,0.009408527185612551,0.2934251539268825,-0.06464709775724085,0.02416806745460242,0.2947379584717553
-0.02516668761306738,0.009408527185612551,0.2934251539268825,-0.06478624750607874,0.024220181321927707,0.2946933451105578
-0.02516668761306738,0.009408527185612551,0.2934251539268825,-0.06480344852050042,0.024226666833293237,0.29468781876306643
-0.02516668761306738,0.009408527185612551,0.2934251539268825,-0.06476182245660912,0.024211130219815274,0.29470117438743204
-0.02516668761306738,0.009408527185612551,0.2934251539268825,-0.06470308682396086,0.024189178099930222,0.29472000650847957
-0.02516668761306738,0.009408527185612551,0.2934251539268825,-0.0646499131967661,0.02416929534005104,0.29473704015295693
-0.02516668761306738,0.009408527185612551,0.2934251539268825,-0.06461126785102989,0.024154840340743187,0.29474941067756566
-0.02516668761306738,0.009408527185612551,0.2934251539268825,-0.06458791041754058,0.0241461007709249,0.294756883850941
-0.02516668761306738,0.009408527185612551,0.2934251539268825,-0.06457672756055473,0.024141914356319183,0.2947604609519327
-0.02516668761306738,0.009408527185612551,0.2934251539268825,-0.06457356304644496,0.024140727649098262,0.2947614732679778
-0.02516668761306738,0.009408527185612551,0.2934251539268825,-0.06457472992443587,0.02414116198242745,0.2947611003033854
-0.02516668761306738,0.009408527185612551,0.2934251539268825,-0.0645775863804588,0.024142229183733474,0.29476018689668676
-0.02516668761306738,0.009408527185612551,0.2934251539268825,-0.06458055912409891,0.024143340563808936,0.2947592361883601
-0.02516668761306738,0.009408527185612551,0.2934251539268825,-0.06458291236790552,0.024144220657196548,0.29475848353727296
-0.02516668761306738,0.009408527185612551,0.2934251539268825,-0.06458445432446666,0.02414479751685255,0.29475799033134653
-0.02516668761306738,0.009408527185612551,0.2934251539268825,-0.06458528188174296,0.024145107237871208,0.2947577256141273
-0.02516668761306738,0.009408527185612551,0.2934251539268825,-0.0645856002108171,0.024145226480090314,0.29475762377688086
-0.02516668761306738,0.009408527185612551,0.2934251539268825,-0.06458561693989359,0.02414523286922648,0.2947576184135099
-0.02516668761306738,0.009408527185612551,0.2934251539268825,-0.06458549387471405,0.024145186920708387,0.29475765776949087
-0.02516668761306738,0.009408527185612551,0.2934251539268825,-0.06458533558313062,0.02414512775529225,0.2947577083967482
-0.02516668761306738,0.009408527185612551,0.2934251539268825,-0.06458519718460122,0.02414507600278218,0.29475775266351933
-0.02516668761306738,0.009408527185612551,0.2934251539268825,-0.06458509903994449,0.024145039291070623,0.29475778405612263
-0.02516668761306738,0.009408527185612551,0.2934251539268825,-0.06458504123259506,0.02414501766039886,0.2947578025470834
-0.02516668761306738,0.009408527185612551,0.2934251539268825,-0.06458501468260387,0.024145007720096968,0.29475781104021
-0.02516668761306738,0.009408527185612551,0.2934251539268825,-0.06458500822996813,0.024145005298656326,0.294757813104874
-0.02516668761306738,0.009408527185612551,0.2934251539268825,-0.0645850122991739,0.024145006815332645,0.29475781180380295
-0.02516668761306738,0.009408527185612551,0.2934251539268825,-0.06458502019365187,0.02414500976516727,0.2947578092789668
-0.02516668761306738,0.009408527185612551,0.2934251539268825,-0.06458502802880273,0.024145012694554192,0.29475780677294433
-0.02516668761306738,0.009408527185612551,0.2934251539268825,-0.06458503406619351,0.024145014952580715,0.29475780484185077
-0.02516668761306738,0.009408527185612551,0.2934251539268825,-0.06458503792819459,0.024145016397453756,0.29475780360652537
-0.02516668761306738,0.009408527185612551,0.2934251539268825,-0.06458503993621645,0.02414501714902839,0.2947578029641962
-0.02516668761306738,0.009408527185612551,0.2934251539268825,-0.06458504065426715,0.024145017418064546,0.2947578027344792
-0.02516668761306738,0.009408527185612551,0.2934251539268825,-0.06458504062827439,0.024145017408678547,0.29475780274276225
-0.02516668761306738,0.009408527185612551,0.2934251539268825,-0.06458504027261469,0.02414501727585368,0.2947578028565043
-0.02516668761306738,0.009408527185612551,0.2934251539268825,-0.06458503984867572,0.024145017117384298,0.2947578029920958
-0.02516668761306738,0.009408527185612551,0.2934251539268825,-0.06458503948976907,0.024145016983169326,0.29475780310689265
-0.02516668761306738,0.009408527185612551,0.2934251539268825,-0.06458503924131494,0.024145016890229482,0.2947578031863638
-0.02516668761306738,0.009408527185612551,0.2934251539268825,-0.06458503909883068,0.024145016836910987,0.2947578032319408
-0.02516668761306738,0.009408527185612551,0.2934251539268825,-0.06458503903634202,0.024145016813512415,0.29475780325193074
-0.02516668761306738,0.009408527185612551,0.2934251539268825,-0.06458503902405352,0.02414501680889569,0.2947578032558632
-0.02516668761306738,0.009408527185612551,0.2934251539268825,-0.06458503903718153,0.024145016813792552,0.2947578032516653
-0.02516668761306738,0.009408527185612551,0.2934251539268825,-0.06458503905880422,0.02414501682187294,0.2947578032447497
-0.02516668761306738,0.009408527185612551,0.2934251539268825,-0.06458503907937038,0.02414501682956256,0.2947578032381717
-0.02516668761306738,0.009408527185612551,0.2934251539268825,-0.06458503909481136,0.024145016835337825,0.29475780323323275
-0.02516668761306738,0.009408527185612551,0.2934251539268825,-0.06458503910445096,0.02414501683894439,0.29475780323014944
-0.02516668761306738,0.009408527185612551,0.2934251539268825,-0.06458503910929538,0.02414501684075774,0.2947578032285997
-0.02516668761306738,0.009408527185612551,0.2934251539268825,-0.06458503911088229,0.02414501684135251,0.2947578032280919
-0.02516668761306738,0.009408527185612551,0.2934251539268825,-0.06458503911064145,0.024145016841263293,0.2947578032281689
-0.02516668761306738,0.009408527185612551,0.2934251539268825,-0.06458503910963087,0.02414501684088578,0.2947578032284922
-0.02516668761306738,0.009408527185612551,0.2934251539268825,-0.06458503910850151,0.024145016840463617,0.29475780322885337
-0.02516668761306738,0.009408527185612551,0.2934251539268825,-0.06458503910757388,0.024145016840116718,0.2947578032291501
-0.02516668761306738,0.009408527185612551,0.2934251539268825,-0.0645850391069469,0.024145016839882173,0.29475780322935063
-0.02516668761306738,0.009408527185612551,0.2934251539268825,-0.0645850391065972,0.0241450168397513,0.2947578032294625
-0.02516668761306738,0.009408527185612551,0.2934251539268825,-0.06458503910645165,0.0241450168396968,0.29475780322950906
-0.02516668761306738,0.009408527185612551,0.2934251539268825,-0.064585039106431,0.024145016839688987,0.2947578032295156
-0.02516668761306738,0.009408527185612551,0.2934251539268825,-0.06458503910647137,0.02414501683970407,0.2947578032295028
-0.02516668761306738,0.009408527185612551,0.2934251539268825,-0.06458503910653013,0.024145016839726027,0.294757803229484
-0.02516668761306738,0.009408527185612551,0.2934251539268825,-0.0645850391065839,0.02414501683974612,0.2947578032294668
-0.02516668761306738,0.009408527185612551,0.2934251539268825,-0.0645850391066233,0.024145016839760877,0.2947578032294542
-0.02516668761306738,0.009408527185612551,0.2934251539268825,-0.06458503910664727,0.02414501683976986,0.2947578032294465
-0.02516668761306738,0.009408527185612551,0.2934251539268825,-0.06458503910665886,0.0241450168397742,0.2947578032294428
-0.02516668761306738,0.009408527185612551,0.2934251539268825,-0.06458503910666226,0.024145016839775463,0.2947578032294417
-0.02516668761306738,0.009408527185612551,0.2934251539268825,-0.06458503910666122,0.02414501683977508,0.29475780322944206
-0.02516668761306738,0.009408527185612551,0.2934251539268825,-0.06458503910665839,0.02414501683977401,0.29475780322944295
-0.02516668761306738,0.009408527185612551,0.2934251539268825,-0.0645850391066554,0.02414501683977289,0.29475780322944384
-0.02516668761306738,0.009408527185612551,0.2934251539268825,-0.06458503910665302,0.024145016839771997,0.29475780322944467
-0.02516668761306738,0.009408527185612551,0.2934251539268825,-0.0645850391066514,0.024145016839771404,0.2947578032294452
-0.02516668761306738,0.009408527185612551,0.2934251539268825,-0.06458503910665053,0.02414501683977109,0.29475780322944545
-0.02516668761306738,0.009408527185612551,0.2934251539268825,-0.06458503910665019,0.024145016839770966,0.2947578032294456
-0.02516668761306738,0.009408527185612551,0.2934251539268825,-0.06458503910665017,0.02414501683977095,0.2947578032294456
-0.02516668761306738,0.009408527185612551,0.2934251539268825,-0.06458503910665031,0.024145016839771005,0.2947578032294455
-0.02516668761306738,0.009408527185612551,0.2934251539268825,-0.06458503910665049,0.024145016839771063,0.29475780322944545
-0.02516668761306738,0.009408527185612551,0.2934251539268825,-0.06458503910665063,0.02414501683977112,0.29475780322944545
-0.02516668761306738,0.009408527185612551,0.2934251539268825,-0.0645850391066507,0.024145016839771147,0.2947578032294454
-0.02516668761306738,0.009408527185612551,0.2934251539268825,-0.06458503910665077,0.02414501683977116,0.2947578032294454
-0.02516668761306738,0.009408527185612551,0.2934251539268825,-0.06458503910665078,0.024145016839771175,0.2947578032294454
-0.02516668761306738,0.009408527185612551,0.2934251539268825,-0.06458503910665078,0.024145016839771175,0.2947578032294454
-0.02516668761306738,0.009408527185612551,0.2934251539268825,-0.06458503910665078,0.024145016839771175,0.2947578032294454
-0.02516668761306738,0.009408527185612551,0.2934251539268825,-0.06458503910665078,0.024145016839771175,0.2947578032294454
-0.02516668761306738,0.009408527185612551,0.2934251539268825,-0.06458503910665078,0.024145016839771175,0.2947578032294454
-0.02516668761306738,0.009408527185612551,0.2934251539268825,-0.06458503910665078,0.024145016839771175,0.2947578032294454
-0.02516668761306738,0.009408527185612551,0.2934251539268825,-0.06458503910665078,0.024145016839771175,0.2947578032294454
-0.02516668761306738,0.009408527185612551,0.2934251539268825,-0.06458503910665078,0.02414501683977118,0.2947578032294454
-0.02516668761306738,0.009408527185612551,0.2934251539268825,-0.06458503910665078,0.02414501683977118,0.2947578032294454
-0.02516668761306738,0.009408527185612551,0.2934251539268825,-0.06458503910665078,0.02414501683977118,0.2947578032294454
-0.02516668761306738,0.009408527185612551,0.2934251539268825,-0.06458503910665078,0.02414501683977118,0.2947578032294454
-0.02516668761306738,0.009408527185612551,0.2934251539268825,-0.06458503910665078,0.02414501683977118,0.2947578032294454
-0.02516668761306738,0.009408527185612551,0.2934251539268825,-0.06458503910665078,0.02414501683977118,0.2947578032294454
-0.02516668761306738,0.009408527185612551,0.2934251539268825,-0.06458503910665078,0.02414501683977118,0.2947578032294454
-0.02516668761306738,0.009408527185612551,0.2934251539268825,-0.06458503910665078,0.02414501683977118,0.2947578032294454
-0.02516668761306738,0.009408527185612551,0.2934251539268825,-0.06458503910665078,0.02414501683977118,0.2947578032294454
-0.02516668761306738,0.009408527185612551,0.2934251539268825,-0.06458503910665078,0.02414501683977118,0.2947578032294454
-0.02516668761306738,0.009408527185612551,0.2934251539268825,-0.06458503910665078,0.02414501683977118,0.2947578032294454
-0.02516668761306738,0.009408527185612551,0.2934251539268825,-0.06458503910665078,0.02414501683977118,0.2947578032294454
-0.02516668761306738,0.009408527185612551,0.2934251539268825,-0.06458503910665078,0.02414501683977118,0.2947578032294454
-0.02516668761306738,0.009408527185612551,0.2934251539268825,-0.06458503910665078,0.02414501683977118,0.2947578032294454
-0.02516668761306738,0.009408527185612551,0.2934251539268825,-0.06458503910665078,0.02414501683977118,0.2947578032294454
-0.02516668761306738,0.009408527185612551,0.2934251539268825,-0.06458503910665078,0.02414501683977118,0.2947578032294454
-0.02516668761306738,0.009408527185612551,0.2934251539268825,-0.06458503910665078,0.02414501683977118,0.2947578032294454
-0.02505523181581943,0.009661556965365097,0.29380566553966553,-0.06450440677747775,0.02414673233109672,0.29477642807396776
-0.024940225076973983,0.009912888758742328,0.2941786941003547,-0.06404796478337083,0.024154399065150885,0.29488105185448904
-0.024821686456957585,0.010162462580137305,0.2945442249454878,-0.06309217721288105,0.024161988792167174,0.295096644893381
-0.02469963608304447,0.0104102185443614,0.29490224370249757,-0.06168623746457096,0.02415416144740156,0.2954057868851859
-0.02457409515157822,0.010656096885660877,0.2952527362902558,-0.05995234809827864,0.02411451818649471,0.2957742779603062
-0.024445085929856267,0.010900037976833055,0.29559568891960597,-0.05802023737424446,0.024032058316942197,0.2961684910853029
-0.02431263175767659,0.011141982348437421,0.29593108809388385,-0.05599458114848332,0.02390274724429373,0.2965633527793514
-0.02417675704854317,0.011381870708095284,0.2962589206094257,-0.053945487165749484,0.023727594904443733,0.296943681078827
-0.02403748729052688,0.01161964395987148,0.2965791735560656,-0.051911874361147456,0.023509806275383467,0.29730222451685784
-0.023894849046781866,0.011855243223732865,0.2968918343176198,-0.04991001090598833,0.023252625236223866,0.29763682709152994
-0.02374886995571269,0.012088609855077348,0.29719689057235993,-0.04794247238891452,0.022958299712851293,0.2979479714609518
-0.02359957873079167,0.012319685464326676,0.2974943302934741,-0.04600526640257981,0.022627920362648365,0.29823710629391287
-0.023447005160023168,0.012548411936577552,0.29778414174951573,-0.044092520646588425,0.02226171272886448,0.29850571662279524
-0.023291180105054387,0.012774731451304321,0.2980663135048403,-0.042199015057848864,0.021859448312261182,0.2987549317321
-0.023132135499929592,0.01299858650210713,0.2983408344200312,-0.040321171937067496,0.021420788944054775,0.2989854525964763
-0.022969904349486283,0.013219919916499148,0.2986076936523121,-0.03845712873400013,0.02094550014124475,0.29919762999697963
-0.02280452072739236,0.01343867487572639,0.29886688065594813,-0.03660638175461256,0.020433540829834826,0.29939158590136805
-0.022636019773822087,0.013654794934613808,0.2991183851826351,-0.034769317408802417,0.019885066887018826,0.2995673224509671
-0.022464437692770033,0.01386822404143132,0.29936219728187624,-0.0329467988280356,0.019300389677077912,0.29972479826985765
-0.022289811749001378,0.014078906557772905,0.29959830730134684,-0.031139870764870188,0.018679921635812228,0.29986397176341545
-0.022112180264637436,0.014286787278442353,0.2998267058872478,-0.029349584248568185,0.01802412824486699,0.2999848196054878
-0.02193158261537535,0.01449181145133913,0.30004738398464514,-0.027576914523668953,0.017333494577017508,0.30008734016947636
-0.021748059226342,0.014693924797338137,0.30026033283779985,-0.025822739255688433,0.016608507018789263,0.30017154984991434
-0.021561651567579464,0.014893073530155707,0.3004655439904833,-0.02408784854893088,0.015849646857896152,0.3002374774333099
-0.021372402149163312,0.015089204376196316,0.30066300928628253,-0.022372966828606563,0.015057391274224697,0.30028515917844717
-0.02118035451595179,0.015282264594372558,0.30085272086889137,-0.020678774980620478,0.014232217770491575,0.30031463552688875
-0.020985553241966534,0.015472201995892103,0.3010346711823914,-0.019005927511020104,0.013374609265786128,0.30032594939256085
-0.020788043924403324,0.015658964964004374,0.3012088529715197,-0.017355063523368824,0.012485058315987327,0.30031914558332695
-0.02058787317727379,0.015842502473700795,0.30137525928192416,-0.015726812386944934,0.01156406989651394,0.30029427085852417
-0.020385088624677642,0.01602276411136159,0.30153388346040716,-0.014121795694686601,0.01061216279266852,0.30025137423784604
-0.02017973889370487,0.016199700094341934,0.3016847191551571,-0.012540627068739079,0.009629869932529954,0.3001905073275571
-0.019971873606969594,0.01637326129049193,0.3018277603159677,-0.01098391099791389,0.008617738063045503,0.3001117245577552
-0.019761543374774062,0.01654339923760175,0.3019630011944445,-0.009452241455081221,0.00757632711111032,0.3000150833084659
-0.019548799786904044,0.016710066162766473,0.3020904363442,-0.007946200677983042,0.0065062094653822716,0.29990064394517385
-0.019333695404057064,0.016873215001663618,0.30221006062103606,-0.006466358247639026,0.005407969309855239,0.29976846979777694
-0.019116283748902497,0.01703279941773617,0.3023218691831141,-0.005013270457384569,0.004282202059985889,0.2996186271137867
-0.01889661929677551,0.017188773821274615,0.30242585749111367,-0.0035874799047193005,0.0031295139019996907,0.29945118500689927
-0.018674757466005134,0.01734109338839071,0.3025220213083775,-0.002189515226799262,0.0019505214117138537,0.2992662154119849
-0.018450754607878424,0.017489714079877143,0.302610356701046,-0.0008198909135566854,0.0007458512228635276,0.2990637930499461
-0.018224667996239896,0.017634592659944305,0.30269086003817824,0.0005208928465931487,-0.00048386028137102264,0.2988439954014273
-0.017996555816730927,0.017775686714830825,0.30276352799186096,0.0018323503139002452,-0.0017379672722491568,0.2986069026864943
-0.01776647715566585,0.017912954671275863,0.30282835753730575,0.00311401034822611,-0.0030158147855045047,0.29835259784724194
-0.017534491988551643,0.018046355814852727,0.3028853459529337,0.004365416565827255,-0.004316739042079833,0.2980811665309724
-0.017300661168248636,0.018175850308151647,0.30293449082044765,0.0055861274996128005,-0.005640067780108058,0.29779269707249917
-0.0170650464127754,0.018301399208807294,0.3029757900248925,0.006775716759115575,-0.006985120596620889,0.29748728047493234
-0.0168277102927611,0.01842296448736491,0.3030092417547031,0.007933773186651507,-0.008351209296779108,0.29716501038884435
-0.01658871621854495,0.018540509044976693,0.3030348445017399,0.009059901007048251,-0.009737638248542551,0.29682598309001107
-0.016348128426927157,0.018653996730923064,0.3030525970613125,0.01015371996930904,-0.011143704741168886,0.29647029745602216
-0.016106011967572068,0.018763392359951475,0.30306249853219025,0.011214865479376194,-0.01256869934647022,0.29609805494203445
-0.015862432689066563,0.018868661729426063,0.3030645483166023,0.012242988723686562,-0.014011906282195598,0.29570935955587574
-0.01561745722463695,0.018969771636282884,0.30305874612022304,0.013237756783505599,-0.01547260377721341,0.29530431783261996
-0.015371152977525029,0.019066689893781196,0.30304509195214735,0.014198852740145526,-0.016950064438330126,0.29488303880869454
-0.015123588106028506,0.019159385348047966,0.30302358612485253,0.01512597577119749,-0.01844355561865318,0.29444563399553336
-0.014874831508207093,0.01924782789440648,0.3029942292541482,0.01601884123787744,-0.019952339787405394,0.29399221735276493
-0.014624952806257559,0.01933198849348302,0.3029570222591142,0.016877180763548556,-0.021475674901077494,0.29352290526092056
-0.014374022330561958,0.01941183918708704,0.30291196636202566,0.01770074230344544,-0.023012814775767595,0.2930378164936449
-0.014122111103410061,0.019487353113854806,0.3028590630882672,0.018489290205604636,-0.024563009460529073,0.2925370721894009
-0.013869290822402172,0.019558504524654546,0.30279831426623277,0.019242605262991527,-0.02612550561152473,0.29202079582266294
-0.013615633843533575,0.019625268797743237,0.3027297220272153,0.01996048475681305,-0.027699546866773152,0.29148911317460346
-0.012377525251766393,0.01823816752843666,0.30269616894522994,0.020642742491007962,-0.02928437422126725,0.29094215230327547
-0.011171067518463897,0.016830235956685858,0.3026450903754576,0.021289208817911583,-0.030879226402242683,0.29038004351330116
-0.009996642621752571,0.015402166317713264,0.30257654434357073,0.021899730655101198,-0.03248334024437775,0.2898029193250741
-0.008854617417691122,0.013954657645441312,0.30249059160015956,0.022474171493432747,-0.03409595106470441,0.28921091444348473
-0.007745343514599257,0.012488415428921863,0.30238729560516003,0.02301241139628884,-0.03571629303701829,0.28860416572617675
-0.00666915715545059,0.0110041512663726,0.30226672251170306,0.02351434699006172,-0.03734359956557158,0.2879828121513447
-0.005626379108374508,0.00950258251701089,0.3021289411493888,0.02397989144590345,-0.038977103657840295,0.28734699478507775
-0.004617314565310775,0.007984431950882135,0.3019740230069879,0.0244089744527773,-0.040616038296153775,0.28669685674826156
-0.003642253048854506,0.006450427396878662,0.30180204221457657,0.024801542181853396,-0.04225963680798009,0.28603254318304167
-0.002701468327324717,0.004901301389146415,0.3016130755251074,0.02515755724229337,-0.043907133234657954,0.2853542012188602
-0.0017952183380832128,0.003337790812074395,0.3014072022954218,0.025476998628476098,-0.045557762698371536,0.28466197993807024
-0.0009237451191285158,0.001760636544067201,0.30118450446670675,0.02575986165872051,-0.047210761767161505,0.2839560303411395
-8.727474898320448e-05,0.00017058310029898676,0.3009450665444026,0.026006157905566235,-0.04886536881777112,0.2832365053114475
0.0007139827051131468,-0.0014316217253555136,0.3006889755775644,0.026215915117678838,-0.05052082439612468,0.28250355957968837
0.0014798332306952796,-0.003045227219011493,0.3004163211376834,0.026389177133450126,-0.052176371575240195,0.28175734968788424
0.0022100989052440253,-0.004669480105887899,0.30012719529697185,0.02652600378636934,-0.05383125631037759,0.28099803395302075
0.0029046179230405875,-0.0063036249096480226,0.29982169260611835,0.0266264708022466,-0.055484727791228684,0.28022577243030994
0.003563244613707906,-0.007946904311766475,0.29949991007151666,0.026690669688372783,-0.05713603879095405,0.27944072687609295
0.004185849452450241,-0.009598559510725514,0.29916194713197425,0.02671870761470716,-0.05878444601187845,0.2786430607103878
0.004772319062006146,-0.01125783058084294,0.29880790563490733,0.026733565113881,-0.060410003999447265,0.2778488317340236
0.005311537969342955,-0.012529840064264466,0.29873168677195694,0.026823549135400634,-0.061942592910716174,0.2771184552420591
0.005850571981410344,-0.013801413382460801,0.29864731793115246,0.0270356151287081,-0.06335350299633961,0.2764815057429072
0.006389402334370203,-0.015072506271813405,0.2985548020493831,0.027366961353773332,-0.06465437759044061,0.27593236110415664
0.006928010271473698,-0.016343074485427277,0.29845414234713796,0.027789827150167735,-0.06587337103724684,0.2754486359773947
0.007466377043714449,-0.017613073794671658,0.29834534232839305,0.028270431685892734,-0.06704037644866198,0.2750044792410129
0.008004483910480979,-0.018882459990719358,0.29822840578049026,0.028779730218067123,-0.06817981160472113,0.27457784790644385
0.008542312140209151,-0.020151188886085632,0.2981033367740044,0.029297453026148043,-0.06930837578131435,0.27415316218625485
0.009079843011034192,-0.021419216316166452,0.29797013966260266,0.02981199047035214,-0.07043559851112648,0.27372117373351507
0.009617057811442491,-0.022686498140775994,0.29782881908289255,0.030318374313434114,-0.07156561085677411,0.2732775539746759
0.010153937840922873,-0.023952990245683023,0.2976793799542599,0.03081584386416874,-0.07269913318922307,0.272821188969765
0.01069046441061752,-0.025218648544146443,0.2975218274786989,0.03130577130286442,-0.07383514274164488,0.27235270205022377
0.011226618843972658,-0.026483428978450164,0.29735616714062985,0.03179021841319345,-0.07497202917983534,0.2718733968948939
0.011762382477388623,-0.027747287521436678,0.29718240470670876,0.032271108658884017,-0.07610825805050662,0.2713846208235814
0.012297736660869462,-0.02901018017803943,0.2970005462256268,0.03274987045727354,-0.07724265980649989,0.2708874589562898
0.012832662758672318,-0.030272062986814664,0.29681059802789933,0.033227380057235946,-0.07837448212762002,0.27038264746187274
0.013367142149956006,-0.03153289202147157,0.2966125667256457,0.03370405737643703,-0.07950332172385463,0.2698706073392725
0.013901156229429263,-0.032792623392401216,0.2964064592123591,0.034180012169335056,-0.08062901584893985,0.26935152720265176
0.014434686407998366,-0.034051213248204565,0.29619228266266673,0.03465518126027343,-0.08175153931654001,0.26882545131167435
0.01496771411341421,-0.035308617777218734,0.2959700445320797,0.03512943107925355,-0.08287092682621444,0.26829235133110074
0.01550022079091892,-0.03656479320904234,0.29573975255673385,0.03558292070422024,-0.08394075032855701,0.26777483399553154
0.01550022079091892,-0.03656479320904234,0.29573975255673385,0.035944389737831005,-0.0847932121167763,0.26735679308999954
0.01550022079091892,-0.03656479320904234,0.29573975255673385,0.03618508117639538,-0.08536068191129151,0.26707570881263737
0.01550022079091892,-0.03656479320904234,0.29573975255673385,0.036317751817854564,-0.085673367929484,0.2669198746031733
0.01550022079091892,-0.03656479320904234,0.29573975255673385,0.03637202218032466,-0.08580118948476938,0.2668559881346703
0.01550022079091892,-0.03656479320904234,0.29573975255673385,0.03637876506861632,-0.08581697692613845,0.26684810655603036
0.01550022079091892,-0.03656479320904234,0.29573975255673385,0.03636257358814124,-0.08577872684614542,0.26686726195237465
0.01550022079091892,-0.03656479320904234,0.29573975255673385,0.03633970234555646,-0.0857247606844775,0.26689425865959365
0.01550022079091892,-0.03656479320904234,0.29573975255673385,0.03631898837230514,-0.08567590511842173,0.26691867730341173
0.01550022079091892,-0.03656479320904234,0.29573975255673385,0.03630392960743019,-0.08564039794552977,0.2669364117623794
0.01550022079091892,-0.03656479320904234,0.29573975255673385,0.03629482546888066,-0.08561893751072779,0.2669471248659344
0.01550022079091892,-0.03656479320904234,0.29573975255673385,0.036290464898455145,-0.0856086633848382,0.2669522516166578
0.01550022079091892,-0.03656479320904234,0.29573975255673385,0.0362892293362419,-0.08560575663960787,0.2669537009927087
0.01550022079091892,-0.03656479320904234,0.29573975255673385,0.03628968238211898,-0.08560682949024961,0.2669531645259533
0.01550022079091892,-0.03656479320904234,0.29573975255673385,0.03629079453757844,-0.08560945452292552,0.26695185372645536
0.01550022079091892,-0.03656479320904234,0.29573975255673385,0.03629195254257322,-0.08561218618663224,0.2669504899686116
0.01550022079091892,-0.03656479320904234,0.29573975255673385,0.036292869474406284,-0.0856143484854338,0.2669494105717577
0.01550022079091892,-0.03656479320904234,0.29573975255673385,0.03629347043207304,-0.08561576526553671,0.2669487033991669
0.01550022079091892,-0.03656479320904234,0.29573975255673385,0.036293793058454656,-0.08561652559965836,0.26694832394227197
0.01550022079091892,-0.03656479320904234,0.29573975255673385,0.03629391724124997,-0.08561681803498992,0.2669481780514801
0.01550022079091892,-0.03656479320904234,0.29573975255673385,0.03629392386213516,-0.08561683336103859,0.2669481704713127
0.01550022079091892,-0.03656479320904234,0.29573975255673385,0.03629387596928717,-0.0856167202542152,0.2669482269797312
0.01550022079091892,-0.03656479320904234,0.29573975255673385,0.036293814317601,-0.08561657479355479,0.26694829961779193
0.01550022079091892,-0.03656479320904234,0.29573975255673385,0.03629376039638649,-0.08561644762114512,0.26694836311123976
0.01550022079091892,-0.03656479320904234,0.29573975255673385,0.03629372214940056,-0.08561635744145273,0.2669484081289749
0.01550022079091892,-0.03656479320904234,0.29573975255673385,0.03629369961616466,-0.08561630432809907,0.26694843463902573
0.01550022079091892,-0.03656479320904234,0.29573975255673385,0.03629368926266878,-0.08561627993605336,0.2669484468103343
0.01550022079091892,-0.03656479320904234,0.29573975255673385,0.03629368674214148,-0.08561627400995621,0.26694844976404053
0.01550022079091892,-0.03656479320904234,0.29573975255673385,0.036293688323793975,-0.08561627775099703,0.2669484478931578
0.01550022079091892,-0.03656479320904234,0.29573975255673385,0.036293691397912095,-0.08561628500605503,0.26694844426936376
0.01550022079091892,-0.03656479320904234,0.29573975255673385,0.0362936944502386,-0.08561629220595457,0.2669484406741395
0.01550022079091892,-0.03656479320904234,0.29573975255673385,0.03629369680281017,-0.08561629775356189,0.26694843790444
0.01550022079091892,-0.03656479320904234,0.29573975255673385,0.03629369830805164,-0.08561630130208606,0.2669484361330803
0.01550022079091892,-0.03656479320904234,0.29573975255673385,0.036293699090935404,-0.08561630314699306,0.26694843521233863
0.01550022079091892,-0.03656479320904234,0.29573975255673385,0.03629369937109757,-0.08561630380660429,0.26694843488332753
0.01550022079091892,-0.03656479320904234,0.29573975255673385,0.03629369936121982,-0.08561630378258496,0.2669484348955431
0.01550022079091892,-0.03656479320904234,0.29573975255673385,0.03629369922277457,-0.08561630345569574,0.26694843505888455
0.01550022079091892,-0.03656479320904234,0.29573975255673385,0.03629369905764203,-0.08561630306610815,0.2669484352534605
0.01550022079091892,-0.03656479320904234,0.29573975255673385,0.03629369891779972,-0.08561630273630504,0.2669484354181421
0.01550022079091892,-0.03656479320904234,0.29573975255673385,0.03629369882097157,-0.08561630250800949,0.2669484355321186
0.01550022079091892,-0.03656479320904234,0.29573975255673385,0.03629369876542807,-0.08561630237709357,0.2669484355974656
0.01550022079091892,-0.03656479320904234,0.29573975255673385,0.03629369874105749,-0.08561630231968458,0.26694843562611104
0.01550022079091892,-0.03656479320904234,0.29573975255673385,0.03629369873625364,-0.08561630230840155,0.2669484356317299
0.01550022079091892,-0.03656479320904234,0.29573975255673385,0.03629369874135969,-0.08561630232047049,0.26694843562569415
0.01550022079091892,-0.03656479320904234,0.29573975255673385,0.0362936987497807,-0.08561630234034255,0.26694843561576664
0.01550022079091892,-0.03656479320904234,0.29573975255673385,0.03629369875779324,-0.08561630235924184,0.26694843560632797
0.01550022079091892,-0.03656479320904234,0.29573975255673385,0.036293698763810486,-0.08561630237343062,0.2669484355992431
0.01550022079091892,-0.03656479320904234,0.29573975255673385,0.036293698767567786,-0.08561630238228785,0.2669484355948213
0.01550022079091892,-0.03656479320904234,0.29573975255673385,0.036293698769456664,-0.08561630238673884,0.2669484355925998
0.01550022079091892,-0.03656479320904234,0.29573975255673385,0.03629369877007597,-0.08561630238819651,0.2669484355918728
0.01550022079091892,-0.03656479320904234,0.29573975255673385,0.03629369876998274,-0.08561630238797488,0.2669484355919842
0.01550022079091892,-0.03656479320904234,0.29573975255673385,0.03629369876958927,-0.08561630238704593,0.2669484355924484
0.01550022079091892,-0.03656479320904234,0.29573975255673385,0.03629369876914932,-0.08561630238600808,0.2669484355929669
0.01550022079091892,-0.03656479320904234,0.29573975255673385,0.03629369876878785,-0.08561630238515562,0.26694843559339265
0.01550022079091892,-0.03656479320904234,0.29573975255673385,0.036293698768543485,-0.08561630238457951,0.26694843559368026
0.01550022079091892,-0.03656479320904234,0.29573975255673385,0.03629369876840717,-0.08561630238425821,0.2669484355938406
0.01550022079091892,-0.03656479320904234,0.29573975255673385,0.03629369876835039,-0.08561630238412447,0.26694843559390746
0.01550022079091892,-0.03656479320904234,0.29573975255673385,0.03629369876834232,-0.08561630238410553,0.2669484355939168
0.01550022079091892,-0.03656479320904234,0.29573975255673385,0.036293698768358015,-0.08561630238414264,0.2669484355938983
0.01550022079091892,-0.03656479320904234,0.29573975255673385,0.036293698768380914,-0.08561630238419664,0.2669484355938713
0.01550022079091892,-0.03656479320904234,0.29573975255673385,0.036293698768401876,-0.08561630238424606,0.26694843559384657
0.01550022079091892,-0.03656479320904234,0.29573975255673385,0.036293698768417204,-0.08561630238428224,0.2669484355938285
0.01550022079091892,-0.03656479320904234,0.29573975255673385,0.036293698768426544,-0.0856163023843043,0.2669484355938174
0.01550022079091892,-0.03656479320904234,0.29573975255673385,0.036293698768431075,-0.08561630238431499,0.26694843559381215
0.01550022079091892,-0.03656479320904234,0.29573975255673385,0.03629369876843241,-0.08561630238431812,0.2669484355938106
0.01550022079091892,-0.03656479320904234,0.29573975255673385,0.036293698768432005,-0.08561630238431711,0.26694843559381115
0.01550022079091892,-0.03656479320904234,0.29573975255673385,0.036293698768430895,-0.08561630238431454,0.2669484355938125
0.01550022079091892,-0.03656479320904234,0.29573975255673385,0.036293698768429736,-0.08561630238431174,0.2669484355938138
0.01550022079091892,-0.03656479320904234,0.29573975255673385,0.0362936987684288,-0.08561630238430956,0.26694843559381487
0.01550022079091892,-0.03656479320904234,0.29573975255673385,0.036293698768428174,-0.08561630238430812,0.26694843559381565
0.01550022079091892,-0.03656479320904234,0.29573975255673385,0.03629369876842785,-0.08561630238430736,0.26694843559381604
0.01550022079091892,-0.03656479320904234,0.29573975255673385,0.03629369876842772,-0.08561630238430704,0.26694843559381615
0.01550022079091892,-0.03656479320904234,0.29573975255673385,0.0362936987684277,-0.08561630238430701,0.2669484355938162
0.01550022079091892,-0.03656479320904234,0.29573975255673385,0.03629369876842775,-0.0856163023843071,0.26694843559381615
0.01550022079091892,-0.03656479320904234,0.29573975255673385,0.036293698768427814,-0.08561630238430726,0.2669484355938161
0.01550022079091892,-0.03656479320904234,0.29573975255673385,0.03629369876842786,-0.08561630238430738,0.266948435593816
0.01550022079091892,-0.03656479320904234,0.29573975255673385,0.03629369876842792,-0.08561630238430751,0.2669484355938159
0.01550022079091892,-0.03656479320904234,0.29573975255673385,0.03629369876842793,-0.08561630238430755,0.2669484355938159
0.01550022079091892,-0.03656479320904234,0.29573975255673385,0.03629369876842795,-0.0856163023843076,0.2669484355938159
0.01550022079091892,-0.03656479320904234,0.29573975255673385,0.03629369876842795,-0.0856163023843076,0.2669484355938159
0.01550022079091892,-0.03656479320904234,0.29573975255673385,0.03629369876842795,-0.0856163023843076,0.2669484355938159
0.01550022079091892,-0.03656479320904234,0.29573975255673385,0.036293698768427946,-0.08561630238430758,0.2669484355938159
0.01550022079091892,-0.03656479320904234,0.29573975255673385,0.036293698768427946,-0.08561630238430758,0.2669484355938159
0.01550022079091892,-0.03656479320904234,0.29573975255673385,0.03629369876842793,-0.08561630238430755,0.2669484355938159
0.01550022079091892,-0.03656479320904234,0.29573975255673385,0.03629369876842793,-0.08561630238430755,0.2669484355938159
0.01550022079091892,-0.03656479320904234,0.29573975255673385,0.03629369876842793,-0.08561630238430755,0.2669484355938159
0.01550022079091892,-0.03656479320904234,0.29573975255673385,0.03629369876842793,-0.08561630238430755,0.2669484355938159
0.01550022079091892,-0.03656479320904234,0.29573975255673385,0.03629369876842793,-0.08561630238430755,0.2669484355938159
0.01550022079091892,-0.03656479320904234,0.29573975255673385,0.03629369876842793,-0.08561630238430755,0.2669484355938159
0.01550022079091892,-0.03656479320904234,0.29573975255673385,0.03629369876842793,-0.08561630238430755,0.2669484355938159
0.01550022079091892,-0.03656479320904234,0.29573975255673385,0.03629369876842793,-0.08561630238430755,0.2669484355938159
0.01550022079091892,-0.03656479320904234,0.29573975255673385,0.03629369876842793,-0.08561630238430755,0.2669484355938159
0.01550022079091892,-0.03656479320904234,0.29573975255673385,0.03629369876842793,-0.08561630238430755,0.2669484355938159
0.01550022079091892,-0.03656479320904234,0.29573975255673385,0.03629369876842793,-0.08561630238430755,0.2669484355938159
0.01550022079091892,-0.03656479320904234,0.29573975255673385,0.03629369876842793,-0.08561630238430755,0.2669484355938159
0.01550022079091892,-0.03656479320904234,0.29573975255673385,0.03629369876842793,-0.08561630238430755,0.2669484355938159
0.01550022079091892,-0.03656479320904234,0.29573975255673385,0.03629369876842793,-0.08561630238430755,0.2669484355938159
0.01550022079091892,-0.03656479320904234,0.29573975255673385,0.03629369876842793,-0.08561630238430755,0.2669484355938159
0.01550022079091892,-0.03656479320904234,0.29573975255673385,0.03629369876842793,-0.08561630238430755,0.2669484355938159
0.01550022079091892,-0.03656479320904234,0.29573975255673385,0.03629369876842793,-0.08561630238430755,0.2669484355938159
0.01550022079091892,-0.03656479320904234,0.29573975255673385,0.03629369876842793,-0.08561630238430755,0.2669484355938159
0.01550022079091892,-0.03656479320904234,0.29573975255673385,0.03629369876842793,-0.08561630238430755,0.2669484355938159
0.015024625139717654,-0.036264992923558365,0.29647754499270224,0.03627257490295269,-0.08564871979950059,0.2669696565656704
0.014549009328241963,-0.035945142392297846,0.2971969326843819,0.03615264972972529,-0.08582933223582133,0.2670930830523122
0.01407391966043329,-0.0356055013804545,0.2978975822764622,0.03589854761135221,-0.08620101338292549,0.267358125333958
0.013599895725953676,-0.03524634686273456,0.29857916815191043,0.03551770232799292,-0.08673653177946793,0.26775520209690445
0.013127469902815759,-0.03486797277371596,0.29924137257977756,0.03503657865984738,-0.08738143775302504,0.2682510927477017
0.01265716686737551,-0.03447068974345451,0.2998838858594387,0.034485654537061886,-0.0880816908527294,0.26880785823111886
0.012189503112118624,-0.03405482481857068,0.3005064064612037,0.03389135900139954,-0.0887964338864457,0.26939326139138997
0.011724986471663767,-0.03362072116905902,0.30110864116323405,0.033272817758767864,-0.08950050285999492,0.269984499121505
0.01126411565739825,-0.03316873778107565,0.3016903051847042,0.03264166766364721,-0.090181662094804,0.2705679115112425
0.010807379801155485,-0.032699249135974225,0.302251122315145,0.03200351089897943,-0.09083621624229361,0.2711368904602288
0.01035525800833365,-0.03221264487586816,0.3027908250399139,0.03135991334748224,-0.09146501685465888,0.2716894189230463
0.009908218920847516,-0.031709329456010675,0.30330915466173214,0.030710249083415603,-0.09207062935762245,0.2722259705136958
0.009466720290297638,-0.03118972178429884,0.3038058614182348,0.03005306647455524,-0.09265569624777366,0.27274802061292336
0.00903120856172981,-0.030654254848212704,0.3042807045954815,0.02938692157725661,-0.09322221611584,0.27325715208415724
0.008602118468350173,-0.03010337532951573,0.304733452637374,0.028710772145199487,-0.09377139410150835,0.2737546222013367
0.008179872637551152,-0.02953754320705419,0.30516388325093297,0.028024075535724273,-0.09430377613306204,0.27424123272931406
0.007764881208592818,-0.028957231347998935,0.30557178350738523,0.02732672475847244,-0.09481947324264478,0.2747173668558305
0.0073575414622748655,-0.02836292508788863,0.30595694993901634,0.026618922194982658,-0.09531836969382174,0.2751830951268008
0.0069582374629229,-0.02775512179983805,0.30631918863174373,0.02590105179665382,-0.09580027249250368,0.2756382907508617
0.00656733971300273,-0.027134330453289078,0.30665831531336896,0.025173578760643207,-0.09626499812292463,0.27608272481554896
0.006185204820664255,-0.02650107116268704,0.3069741554374688,0.024436984254142417,-0.09671241018119249,0.27651613210234816
0.0058121751805059255,-0.02585587472647631,0.3072665442628876,0.023691730984641095,-0.09714242607591589,0.2769382494496325
0.005448578667838884,-0.025199282156818402,0.30753532692879404,0.02293825080470695,-0.09755500847427602,0.27734883338694416
0.00509472834671741,-0.02453184420043929,0.307780358525269,0.022176945329045097,-0.09795015219936612,0.2777476645325246
0.0047509221919909556,-0.02385412085102601,0.3080015041593922,0.021408192447969293,-0.09832787243538765,0.27813454500592943
0.004417442825620236,-0.023166680853596112,0.3081986390167973,0.020632354098604005,-0.09868819649745159,0.2785092932075897
0.004094557267487146,-0.022470101201271374,0.30837164841866843,0.019849782848008826,-0.09903115926580944,0.27887173851872105
0.0037825167009161464,-0.021764966624895986,0.30852042787415135,0.019060826412702847,-0.0993568014017388,0.2792217171064319
0.003481556253110785,-0.021051869075941122,0.30864488312815597,0.018265830167350332,-0.09966516924562716,0.27955906913939155
0.0031918947906967527,-0.020331407203148265,0.30874493020452837,0.017465138116283155,-0.09995631547642553,0.2798836372517962
0.002913734730549329,-0.01960418582336698,0.3088204954445729,0.016659092891646302,-0.10023029992267904,0.28019526591428534
0.0026472618660690513,-0.01887081538704645,0.3088715155409069,0.01584803525781492,-0.10048719020846615,0.28049380136171537
0.002392645209056862,-0.018131911438848326,0.30889793756663225,0.01503230345537324,-0.10072706212973494,0.28077909179873184
0.002150036847325175,-0.017388094073849343,0.30889971899981106,0.014212232575482943,-0.10094999977933714,0.2810509876963345
0.001919571818168225,-0.016639987389807247,0.3088768277432339,0.013388154046754254,-0.1011560954907752,0.2813093420747843
0.001701367997800757,-0.015888218935968285,0.3088292421394722,0.012560395248065598,-0.10134544967713498,0.2815540107280866
0.0014955260068600263,-0.015133419158894466,0.3087569509812077,0.01172927922606409,-0.10151817062577381,0.281784852382159
0.0013021291320520956,-0.014376220845794908,0.30865995351683323,0.01089512448487465,-0.1016743742870493,0.28200172879722935
0.0011212432640090651,-0.013617258565844727,0.30853825945132474,0.010058244817712489,-0.10181418407560937,0.2822045048311033
0.0009529168514096839,-0.012857168109978492,0.3083918889423815,0.009218949157945081,-0.10193773068899248,0.2823930484791035
0.0007971808714014165,-0.012096585929646141,0.3082208725918377,0.008377541435847747,-0.10204515194067623,0.28256723090267866
0.0006540488163477927,-0.01133614857502032,0.3080252514323495,0.007534320434418949,-0.10213659260182134,0.28272692645436664
0.0005235166969102473,-0.010576492133143147,0.30780507690936215,0.006689579642414217,-0.10221220424599034,0.2828720127031722
0.0004055630614597035,-0.009818251666503654,0.30756041085836705,0.005843607105388031,-0.10227214509251926,0.2830023704619049
0.0003001490317982476,-0.009062060652532313,0.3072913254774582,0.004996685276582376,-0.10231657984594157,0.28311788381655273
0.00020721835515743288,-0.008308550424503217,0.30699790329519994,0.0041490908695794824,-0.10234567953031827,0.28321844015708436
0.00012669747242497137,-0.0075583496143292305,0.30668023713382214,0.003301094714259079,-0.10235962131832643,0.2833039302088992
5.8495602537522035e-05,-0.006812083597734666,0.30633843006775757,0.002452961617091853,-0.10235858835549572,0.2833742480642356
2.5048429631016264e-06,-0.006070373942291485,0.30597259537754157,0.0016049502263543393,-0.10234276958018138,0.2834292912130357
-4.1399713817768906e-05,-0.005333837858796216,0.30558285649909545,0.000757312902527031,-0.10231235953984959,0.2834689605729576
-7.335984793685902e-05,-0.0046030876564676255,0.3051693469684137,-8.97044060501396e-05,-0.10226755820414303,0.2834931605183821
-9.353406398784686e-05,-0.003878730202438275,0.30473221036168424,-0.0009358622822816338,-0.10220857077506616,0.2835017989083528
-0.00010209742723343547,-0.0031613663860124777,0.30427160023086564,-0.0017809279542158759,-0.10213560749451736,0.28349478711345566
-9.924138431641194e-05,-0.0024515905881542094,0.3037876800347513,-0.002624675403766525,-0.10204888344932492,0.2834720400416539
-8.517356863479899e-05,-0.0017499901566703294,0.30328062306555326,-0.0034668854702543522,-0.10194861837389817,0.28343347616311143
-6.0117590554620987e-05,-0.0010571448875427124,0.3027506123710364,-0.004307345948747715,-0.10183503645059411,0.28337901753401923
-2.4312812647436614e-05,-0.0003736265128650336,0.30219784067224137,-0.005145851683160528,-0.10170836610789923,0.2833085898194419
2.198588984745134e-05,0.00030000180417381547,0.30162251027683024,-0.005982204654059423,-0.1015688398165348,0.2832221223151855
7.850838312277019e-05,0.000963185966817829,0.301024832988097,-0.0068162260636636315,-0.10141687246626648,0.2831254018939917
8.637893794230436e-05,0.0009625120528987258,0.301024832988097,-0.007648203105413886,-0.10125887680081833,0.2830419307602547
9.424372117910248e-05,0.0009617738267979938,0.30102483298809696,-0.008479133313041304,-0.10110719823136663,0.2829857612845899
0.00010210220733183548,0.0009609713378417248,0.301024832988097,-0.009310041402079177,-0.10097001456958032,0.28295722916583366
0.00010995387131992017,0.0009601046396498121,0.30102483298809696,-0.010141574300222415,-0.10084902487982923,0.2829490648318347
0.000117798188518611,0.0009591737901324601,0.301024832988097,-0.010973915356662742,-0.1007411392129747,0.2829523081636136
0.0001256346347940536,0.0009581788514862501,0.30102483298809696,-0.01180687628397141,-0.1006409695545655,0.2829597895799243
0.00013346268653830536,0.0009571198901899905,0.30102483298809696,-0.012640052939938844,-0.10054283878569478,0.2829671759190017
0.00014128182070431879,0.0009559969770003632,0.30102483298809696,-0.013472974438238305,-0.10044198841624283,0.2829725818862657
0.00014909151484089958,0.0009548101869470173,0.30102483298809696,-0.014305211480156446,-0.10033507292779029,0.28297569853527144
0.00015689124712759892,0.0009535595993277433,0.301024832988097,-0.015136434914997481,-0.10022015756895655,0.28297698477094746
0.00016468049640959263,0.0009522452977030853,0.30102483298809696,-0.015966430801512922,-0.10009644206608583,0.2829771160336238
0.00017245874223250322,0.0009508673698907372,0.30102483298809696,-0.01679508562281792,-0.09996388823589207,0.28297669009383924
0.0001802254648771602,0.000949425907959725,0.30102483298809696,-0.017622356650575436,-0.09982286936220182,0.28297611844130466
0.0001879801453943588,0.0009479210082242347,0.30102483298809696,-0.018448239820926755,-0.0996739018788713,0.28297562515528885
0.00019572226563949018,0.0009463527712371966,0.30102483298809696,-0.01927274303115856,-0.09951747550744713,0.28297529317736714
0.00020345130830719607,0.0009447213017834619,0.301024832988097,-0.020095868289002894,-0.0993539701770278,0.2829751202759715
0.00021116675696592271,0.000943026708873012,0.30102483298809696,-0.020917602742617575,-0.09918363545065151,0.2829750656319939
0.00021886809609242795,0.0009412691057334374,0.301024832988097,-0.02173791665789554,-0.0990066066341979,0.28297508073007654
0.00022655481110622246,0.0009394486098025651,0.30102483298809696,-0.022556765736352537,-0.09882293644827198,0.2829751254894059
0.00023422638840396408,0.0009375653427204922,0.30102483298809696,-0.023340053700445215,-0.09864068914457129,0.28297517365130187
0.00023422638840396408,0.0009375653427204922,0.30102483298809696,-0.02396464681040069,-0.09849073008579784,0.2829752118883678
0.00023422638840396408,0.0009375653427204922,0.30102483298809696,-0.024380650547664046,-0.09838856803860455,0.28297523622440635
0.00023422638840396408,0.0009375653427204922,0.30102483298809696,-0.024609964497023358,-0.09833148738309372,0.2829752480787131
0.00023422638840396408,0.0009375653427204922,0.30102483298809696,-0.024703739640299767,-0.09830800939615268,0.2829752510973244
0.00023422638840396408,0.0009375653427204922,0.30102483298809696,-0.024715347458907383,-0.0983051287358129,0.28297524911978467
0.00023422638840396408,0.0009375653427204922,0.30102483298809696,-0.024687315383575083,-0.09831220042359995,0.28297524516895256
0.00023422638840396408,0.0009375653427204922,0.30102483298809696,-0.024647749722812168,-0.09832214549840715,0.2829752411648257
0.00023422638840396408,0.0009375653427204922,0.30102483298809696,-0.02461192661448345,-0.09833112828875884,0.2829752380486712
0.00023422638840396408,0.0009375653427204922,0.30102483298809696,-0.02458588907088046,-0.09833764500374366,0.28297523607214603
0.00023422638840396408,0.0009375653427204922,0.30102483298809696,-0.024570150573584193,-0.09834157812265282,0.2829752350966422
0.00023422638840396408,0.0009375653427204922,0.30102483298809696,-0.02456261453381894,-0.09834345855930554,0.2829752348273341
0.00023422638840396408,0.0009375653427204922,0.30102483298809696,-0.024560481153017736,-0.09834398889783812,0.2829752349615251
0.00023422638840396408,0.0009375653427204922,0.30102483298809696,-0.02456126647083641,-0.09834379062702764,0.2829752352616629
0.00023422638840396408,0.0009375653427204922,0.30102483298809696,-0.024563190522023864,-0.09834330854612117,0.2829752355754948
0.00023422638840396408,0.0009375653427204922,0.30102483298809696,-0.02456519320023091,-0.09834280739994819,0.28297523582630635
0.00023422638840396408,0.0009375653427204922,0.30102483298809696,-0.024566778663098067,-0.09834241092320435,0.2829752359910769
0.00023422638840396408,0.0009375653427204922,0.30102483298809696,-0.02456781760872648,-0.09834215127580749,0.28297523607783404
0.00023422638840396408,0.0009375653427204922,0.30102483298809696,-0.02456837525735597,-0.09834201203559925,0.28297523610777
0.00023422638840396408,0.0009375653427204922,0.30102483298809696,-0.024568589809735957,-0.09834195857715766,0.2829752361036896
0.00023422638840396408,0.0009375653427204922,0.30102483298809696,-0.024568601140687117,-0.09834195589201741,0.28297523608409997
0.00023422638840396408,0.0009375653427204922,0.30102483298809696,-0.024568518263941956,-0.09834197671333203,0.28297523606133324
0.00023422638840396408,0.0009375653427204922,0.30102483298809696,-0.02456841163531375,-0.0983420034298719,0.2829752360420219
0.00023422638840396408,0.0009375653427204922,0.30102483298809696,-0.024568318396905736,-0.09834202676624054,0.28297523602859453
0.00023422638840396408,0.0009375653427204922,0.30102483298809696,-0.024568252272030577,-0.09834204330320118,0.2829752360209261
0.00023422638840396408,0.0009375653427204922,0.30102483298809696,-0.024568213320922676,-0.09834205303556114,0.2829752360176943
0.00023422638840396408,0.0009375653427204922,0.30102483298809696,-0.02456819542857374,-0.09834205749906388,0.28297523601729385
0.00023422638840396408,0.0009375653427204922,0.30102483298809696,-0.024568191077327366,-0.09834205857730136,0.28297523601833685
0.00023422638840396408,0.0009375653427204922,0.30102483298809696,-0.024568193816217172,-0.0983420578849945,0.28297523601984365
0.00023422638840396408,0.0009375653427204922,0.30102483298809696,-0.024568199133453813,-0.09834205655061794,0.2829752360212444
0.00023422638840396408,0.0009375653427204922,0.30102483298809696,-0.024568204411570538,-0.09834205522826683,0.28297523602229013
0.00023422638840396408,0.0009375653427204922,0.30102483298809696,-0.024568208479015106,-0.09834205421023459,0.28297523602293934
0.00023422638840396408,0.0009375653427204922,0.30102483298809696,-0.02456821108110689,-0.09834205355956628,0.28297523602325847
0.00023422638840396408,0.0009375653427204922,0.30102483298809696,-0.024568212434211673,-0.09834205322166073,0.2829752360233511
0.00023422638840396408,0.0009375653427204922,0.30102483298809696,-0.02456821291821637,-0.09834205310119717,0.28297523602331576
0.00023422638840396408,0.0009375653427204922,0.30102483298809696,-0.024568212900883547,-0.09834205310603478,0.28297523602322716
0.00023422638840396408,0.0009375653427204922,0.30102483298809696,-0.024568212661381428,-0.09834205316629362,0.28297523602313246
0.00023422638840396408,0.0009375653427204922,0.30102483298809696,-0.02456821237582364,-0.0983420532379289,0.2829752360230554
0.00023422638840396408,0.0009375653427204922,0.30102483298809696,-0.02456821213404191,-0.0983420532985038,0.2829752360230034
0.00023422638840396408,0.0009375653427204922,0.30102483298809696,-0.02456821196665259,-0.0983420533403985,0.2829752360229746
0.00023422638840396408,0.0009375653427204922,0.30102483298809696,-0.02456821187064747,-0.0983420533643985,0.28297523602296293
0.00023422638840396408,0.0009375653427204922,0.30102483298809696,-0.02456821182853467,-0.09834205337490261,0.282975236022962
0.00023422638840396408,0.0009375653427204922,0.30102483298809696,-0.024568211820244497,-0.09834205337694549,0.2829752360229663
0.00023422638840396408,0.0009375653427204922,0.30102483298809696,-0.024568211829081074,-0.09834205337471018,0.2829752360229721
0.00023422638840396408,0.0009375653427204922,0.30102483298809696,-0.024568211843643877,-0.09834205337105052,0.28297523602297747
0.00023422638840396408,0.0009375653427204922,0.30102483298809696,-0.024568211857497347,-0.09834205336757558,0.28297523602298136
0.00023422638840396408,0.0009375653427204922,0.30102483298809696,-0.024568211867899557,-0.09834205336496933,0.2829752360229838
0.00023422638840396408,0.0009375653427204922,0.30102483298809696,-0.02456821187439412,-0.09834205336334402,0.282975236022985
0.00023422638840396408,0.0009375653427204922,0.30102483298809696,-0.02456821187765846,-0.09834205336252846,0.28297523602298535
0.00023422638840396408,0.0009375653427204922,0.30102483298809696,-0.024568211878728242,-0.09834205336226247,0.2829752360229852
0.00023422638840396408,0.0009375653427204922,0.30102483298809696,-0.024568211878566528,-0.09834205336230452,0.2829752360229849
0.00023422638840396408,0.0009375653427204922,0.30102483298809696,-0.024568211877886013,-0.09834205336247599,0.28297523602298463
0.00023422638840396408,0.0009375653427204922,0.30102483298809696,-0.024568211877125337,-0.09834205336266706,0.2829752360229843
0.00023422638840396408,0.0009375653427204922,0.30102483298809696,-0.024568211876500483,-0.0983420533628238,0.282975236022984
0.00023422638840396408,0.0009375653427204922,0.30102483298809696,-0.02456821187607809,-0.09834205336292962,0.28297523602298397
0.00023422638840396408,0.0009375653427204922,0.30102483298809696,-0.024568211875842495,-0.0983420533629886,0.28297523602298397
0.00023422638840396408,0.0009375653427204922,0.30102483298809696,-0.02456821187574437,-0.09834205336301301,0.2829752360229839
0.00023422638840396408,0.0009375653427204922,0.30102483298809696,-0.02456821187573044,-0.09834205336301646,0.2829752360229839
0.00023422638840396408,0.0009375653427204922,0.30102483298809696,-0.024568211875757615,-0.09834205336300958,0.28297523602298397
0.00023422638840396408,0.0009375653427204922,0.30102483298809696,-0.02456821187579719,-0.09834205336299963,0.28297523602298397
0.00023422638840396408,0.0009375653427204922,0.30102483298809696,-0.024568211875833416,-0.09834205336299051,0.28297523602298397
0.00023422638840396408,0.0009375653427204922,0.30102483298809696,-0.024568211875859936,-0.09834205336298388,0.28297523602298397
0.00023422638840396408,0.0009375653427204922,0.30102483298809696,-0.02456821187587609,-0.09834205336297983,0.28297523602298397
0.00023422638840396408,0.0009375653427204922,0.30102483298809696,-0.024568211875883914,-0.09834205336297788,0.28297523602298397
0.00023422638840396408,0.0009375653427204922,0.30102483298809696,-0.024568211875886214,-0.0983420533629773,0.28297523602298397
0.00023422638840396408,0.0009375653427204922,0.30102483298809696,-0.024568211875885503,-0.0983420533629775,0.28297523602298397
0.00023422638840396408,0.0009375653427204922,0.30102483298809696,-0.024568211875883594,-0.09834205336297798,0.28297523602298397
0.00023422638840396408,0.0009375653427204922,0.30102483298809696,-0.024568211875881575,-0.09834205336297847,0.28297523602298397
0.00023422638840396408,0.0009375653427204922,0.30102483298809696,-0.024568211875879965,-0.09834205336297888,0.28297523602298397
0.00023422638840396408,0.0009375653427204922,0.30102483298809696,-0.02456821187587891,-0.09834205336297916,0.28297523602298397
0.00023422638840396408,0.0009375653427204922,0.30102483298809696,-0.02456821187587834,-0.09834205336297931,0.282975236022984
0.00023422638840396408,0.0009375653427204922,0.30102483298809696,-0.02456821187587811,-0.09834205336297935,0.28297523602298397
0.00023422638840396408,0.0009375653427204922,0.30102483298809696,-0.024568211875878085,-0.09834205336297935,0.28297523602298397
0.00023422638840396408,0.0009375653427204922,0.30102483298809696,-0.024568211875878175,-0.09834205336297934,0.28297523602298397
0.00023422638840396408,0.0009375653427204922,0.30102483298809696,-0.024568211875878276,-0.0983420533629793,0.28297523602298397
0.00023422638840396408,0.0009375653427204922,0.30102483298809696,-0.024568211875878376,-0.09834205336297931,0.282975236022984
0.00023422638840396408,0.0009375653427204922,0.30102483298809696,-0.024568211875878442,-0.09834205336297927,0.28297523602298397
0.00023422638840396408,0.0009375653427204922,0.30102483298809696,-0.024568211875878477,-0.09834205336297926,0.28297523602298397
0.00023422638840396408,0.0009375653427204922,0.30102483298809696,-0.0245682118758785,-0.09834205336297926,0.28297523602298397
0.00023422638840396408,0.0009375653427204922,0.30102483298809696,-0.0245682118758785,-0.09834205336297926,0.28297523602298397
0.00023422638840396408,0.0009375653427204922,0.30102483298809696,-0.0245682118758785,-0.09834205336297926,0.28297523602298397
0.00023422638840396408,0.0009375653427204922,0.30102483298809696,-0.024568211875878494,-0.09834205336297926,0.28297523602298397
0.00023422638840396408,0.0009375653427204922,0.30102483298809696,-0.024568211875878487,-0.09834205336297926,0.28297523602298397
0.00023422638840396408,0.0009375653427204922,0.30102483298809696,-0.024568211875878487,-0.09834205336297926,0.28297523602298397
0.00023422638840396408,0.0009375653427204922,0.30102483298809696,-0.02456821187587848,-0.09834205336297926,0.28297523602298397
0.00023422638840396408,0.0009375653427204922,0.30102483298809696,-0.02456821187587848,-0.09834205336297926,0.28297523602298397
0.00023422638840396408,0.0009375653427204922,0.30102483298809696,-0.02456821187587848,-0.09834205336297926,0.28297523602298397
0.00023422638840396408,0.0009375653427204922,0.30102483298809696,-0.02456821187587848,-0.09834205336297926,0.28297523602298397
0.00023422638840396408,0.0009375653427204922,0.30102483298809696,-0.02456821187587848,-0.09834205336297926,0.28297523602298397
0.00023422638840396408,0.0009375653427204922,0.30102483298809696,-0.02456821187587848,-0.09834205336297926,0.28297523602298397
0.00023422638840396408,0.0009375653427204922,0.30102483298809696,-0.02456821187587848,-0.09834205336297926,0.28297523602298397
0.00023422638840396408,0.0009375653427204922,0.30102483298809696,-0.02456821187587848,-0.09834205336297926,0.28297523602298397
0.00023422638840396408,0.0009375653427204922,0.30102483298809696,-0.02456821187587848,-0.09834205336297926,0.28297523602298397
0.00023422638840396408,0.0009375653427204922,0.30102483298809696,-0.02456821187587848,-0.09834205336297926,0.28297523602298397
0.00023422638840396408,0.0009375653427204922,0.30102483298809696,-0.02456821187587848,-0.09834205336297926,0.28297523602298397
0.00023422638840396408,0.0009375653427204922,0.30102483298809696,-0.02456821187587848,-0.09834205336297926,0.28297523602298397
0.00023422638840396408,0.0009375653427204922,0.30102483298809696,-0.02456821187587848,-0.09834205336297926,0.28297523602298397
0.00023422638840396408,0.0009375653427204922,0.30102483298809696,-0.02456821187587848,-0.09834205336297926,0.28297523602298397
0.00023422638840396408,0.0009375653427204922,0.30102483298809696,-0.02456821187587848,-0.09834205336297926,0.28297523602298397
0.00023422638840396408,0.0009375653427204922,0.30102483298809696,-0.02456821187587848,-0.09834205336297926,0.28297523602298397
0.00023422638840396408,0.0009375653427204922,0.30102483298809696,-0.02456821187587848,-0.09834205336297926,0.28297523602298397
0.00023422638840396408,0.0009375653427204922,0.30102483298809696,-0.02456821187587848,-0.09834205336297926,0.28297523602298397
0.00023422638840396408,0.0009375653427204922,0.30102483298809696,-0.02456821187587848,-0.09834205336297926,0.28297523602298397
0.00023422638840396408,0.0009375653427204922,0.30102483298809696,-0.02456821187587848,-0.09834205336297926,0.28297523602298397
0.00023422638840396408,0.0009375653427204922,0.30102483298809696,-0.02456821187587848,-0.09834205336297926,0.28297523602298397
0.00023422638840396408,0.0009375653427204922,0.30102483298809696,-0.02456821187587848,-0.09834205336297926,0.28297523602298397
0.00023422638840396408,0.0009375653427204922,0.30102483298809696,-0.02456821187587848,-0.09834205336297926,0.28297523602298397
0.00023422638840396408,0.0009375653427204922,0.30102483298809696,-0.02456821187587848,-0.09834205336297926,0.28297523602298397
0.00023422638840396408,0.0009375653427204922,0.30102483298809696,-0.02456821187587848,-0.09834205336297926,0.28297523602298397
0.00023422638840396408,0.0009375653427204922,0.30102483298809696,-0.02456821187587848,-0.09834205336297926,0.28297523602298397
0.00023422638840396408,0.0009375653427204922,0.30102483298809696,-0.02456821187587848,-0.09834205336297926,0.28297523602298397
0.00023422638840396408,0.0009375653427204922,0.30102483298809696,-0.02456821187587848,-0.09834205336297926,0.28297523602298397
0.00023422638840396408,0.0009375653427204922,0.30102483298809696,-0.02456821187587848,-0.09834205336297926,0.28297523602298397
0.00023422638840396408,0.0009375653427204922,0.30102483298809696,-0.02456821187587848,-0.09834205336297926,0.28297523602298397
0.00023422638840396408,0.0009375653427204922,0.30102483298809696,-0.02456821187587848,-0.09834205336297926,0.28297523602298397
0.00023422638840396408,0.0009375653427204922,0.30102483298809696,-0.02456821187587848,-0.09834205336297926,0.28297523602298397
0.00023422638840396408,0.0009375653427204922,0.30102483298809696,-0.02456821187587848,-0.09834205336297926,0.28297523602298397
0.00023422638840396408,0.0009375653427204922,0.30102483298809696,-0.02456821187587848,-0.09834205336297926,0.28297523602298397
0.00023422638840396408,0.0009375653427204922,0.30102483298809696,-0.02456821187587848,-0.09834205336297926,0.28297523602298397
0.00023422638840396408,0.0009375653427204922,0.30102483298809696,-0.02456821187587848,-0.09834205336297926,0.28297523602298397
0.00023422638840396408,0.0009375653427204922,0.30102483298809696,-0.02456821187587848,-0.09834205336297926,0.28297523602298397
0.00023422638840396408,0.0009375653427204922,0.30102483298809696,-0.02456821187587848,-0.09834205336297926,0.28297523602298397
-9.99655648001134e-06,-4.386069505950621e-05,0.3014354791137551,-0.024474622469585854,-0.0983332653330983,0.2829905449838083
-0.0002139451139191676,-0.0010374904361512317,0.30183073028298335,-0.023948744427470626,-0.09828262523454964,0.28307645631266565
-0.0003771417189894419,-0.002041950477072476,0.30221054753361243,-0.02285495430343008,-0.0981687569453454,0.28325497393052923
-0.0004991538122325386,-0.0030558504611483475,0.30257489339705407,-0.021258877349787694,-0.09798061224545715,0.28351537455403664
-0.0005795944120484528,-0.004077784537637373,0.3029237319030268,-0.019308233838587853,-0.09771413619261944,0.2838337367687513
-0.0006181226400164422,-0.005106332839620798,0.30325702858411385,-0.017155463753740455,-0.09737220712853713,0.28418550537144754
-0.0006144441985410304,-0.006140062979143376,0.3035747504801586,-0.014920485820931197,-0.09696273586470322,0.28455146537793596
-0.0005683118002676388,-0.007177531558072971,0.3038768661424924,-0.012681298697536876,-0.0964952790820343,0.28491920338143845
-0.0004795255487620104,-0.008217285693132025,0.30416334563799713,-0.010479518243649791,-0.09597811998572917,0.28528218204235767
-0.00034793326999649297,-0.009257864553533748,0.3044341605529999,-0.008331294462328387,-0.09541685184284039,0.28563797004972824
-0.00017343079423683605,-0.010297800909643978,0.30468928399700107,-0.006238045498160422,-0.09481435180718935,0.2859865115041304
4.4037812026608524e-05,-0.011335622691077716,0.30492869060623373,-0.004194600947336338,-0.09417152531110554,0.28632881353936923
0.0003044800644084033,-0.012369854552623743,0.30515235654705497,-0.002194309485574676,-0.09348823217973727,0.2866661211669052
0.000607854929472081,-0.013399019446386268,0.3053602595191681,-0.00023162509489385976,-0.09276404493343862,0.28699949726250906
0.0009540727442910778,-0.014421640198522016,0.30555237875867575,0.0016970165458216812,-0.0919987186488074,0.2873296783801117
0.001342995186876902,-0.01543624108894286,0.30572869504096284,0.0035932782443290024,-0.09119239415221525,0.2876570859033057
0.0017744352975731306,-0.016441349432354205,0.30588919068340964,0.005457404508076698,-0.0903456159500387,0.2879819035007117
0.0022481575514613082,-0.01743549715899094,0.30603384954793444,0.007288770199541603,-0.08945925221255033,0.2883041661708815
0.0027638779817730306,-0.018417222393416425,0.30616265704336404,0.009086330564588664,-0.08853438427367862,0.28862383393784913
0.003321264354249742,-0.019385071029745505,0.30627560012763483,0.010848923284789393,-0.08757220652633269,0.28894084177719687
0.003919936392339736,-0.02033759830165771,0.30637266730982105,0.012575435312804781,-0.08657395454241204,0.2892551275097391
0.004559466053069708,-0.021273370345569486,0.30645384865199105,0.014264871640427263,-0.08554086360091344,0.28956664350715594
0.005239377853375957,-0.02219096575533935,0.3065191357708921,0.01591636519724679,-0.0844741515833155,0.2898753585294021
0.005959149246628329,-0.023088977126885752,0.306568521839462,0.017529158805988376,-0.0833750175858878,0.2901812547682817
0.006718211049028703,-0.02396601259110873,0.3066020015881685,0.01910257925066035,-0.08224464835975462,0.2904843234500927
0.007515947915513766,-0.024820697333513407,0.30661957130617573,0.020636014054046147,-0.08108422691331227,0.2907845608145815
0.008351698864741547,-0.025651675098947686,0.3066212288423368,0.022128894940606717,-0.07989494001862027,0.291081965188175
0.00922475785268943,-0.02645760967987848,0.30660697360601386,0.023580688138185115,-0.07867798329028622,0.2913765352169806
0.010134374394342322,-0.027237186386646673,0.30657680656772485,0.02499088997051323,-0.07743456374667372,0.29166826902095644
0.011079754232898618,-0.027989113498157206,0.3065307302596156,0.026359025817029345,-0.07616590038315887,0.2919571639510358
0.012060060055873206,-0.028712123691478714,0.30646874877575936,0.027684650807085792,-0.07487322346352247,0.29224321666915515
0.013074412257427774,-0.02940497544884836,0.30639086777228125,0.028967351127293754,-0.07355777315815053,0.292526423352677
0.014121889746210646,-0.03006645444059681,0.30629709446731007,0.03020674530750159,-0.07222079797677461,0.2928067799066235
0.01520153079794091,-0.03069537488253258,0.3061874376407553,0.03140248521160682,-0.07086355325494527,0.29308428213032794
0.01631233395192511,-0.03129058086634884,0.30606190763390995,0.03255425668002588,-0.06948729980471967,0.2933589258254119
0.01745325895064894,-0.03185094766164225,0.3059205163488805,0.033661779878319094,-0.06809330274447659,0.2936307068528601
0.018623227721541145,-0.032375382988159326,0.3057632772478409,0.034724809439804924,-0.06668283047432243,0.29389962115439716
0.019821125399963162,-0.03286282825691677,0.30559020535211473,0.035743134483362034,-0.06525715374849841,0.294165664753151
0.021045801392433734,-0.033312259778869466,0.3054013172410816,0.03671657856539329,-0.06381754480032387,0.29442883374501705
0.022296070479057007,-0.033722689939834606,0.3051966310509103,0.0376449996013202,-0.062365276487422905,0.294689124287926
0.023570713954079645,-0.03409316834041051,0.3049761664731188,0.03852828977344617,-0.060901621438177435,0.2949465325926835
0.024868480803464054,-0.034422782899664724,0.30473994475295935,0.03936637543011134,-0.059427851190996944,0.2952010549166393
0.02618808891832352,-0.034710660921400224,0.3044879886876306,0.04015921697484732,-0.05794523532500119,0.2954526875600871
0.027528226343029476,-0.03495597012184615,0.3042203226243161,0.0409068087419466,-0.05645504058442437,0.2957014268647179
0.02888755255676219,-0.03515791961765707,0.3039369724580499,0.04160917885479352,-0.054958530000376676,0.2959472692133524
0.030264699787241434,-0.03531576087314328,0.3036379656294087,0.042266389064202235,-0.053456962013509336,0.29619021103031234
0.03165827435533995,-0.035428788605696405,0.30332333112203064,0.04287853456509016,-0.0519515896004131,0.29643024878200114
0.03306685804924748,-0.0354963416484133,0.3029930994599626,0.04344574379072553,-0.0504436594057229,0.2966673789774544
0.03448900952682375,-0.03551780376896706,0.30264730270483425,0.04396817818439844,-0.04893441088118829,0.29690159816876044
0.03592326574474622,-0.03549260444381349,0.3022859744528598,0.04444603194870691,-0.04742507543247233,0.2971329029513394
0.03736814341303067,-0.03542021958686946,0.30190914983166856,0.044879531772798784,-0.045916875574170325,0.2973612899641056
0.03882214047347411,-0.035300172231840975,0.3015168654969637,0.045268936537943165,-0.044411024093416615,0.2975867558895533
0.040283737600544794,-0.035132033167429064,0.3011091596290092,0.04561453700178887,-0.042908723222436905,0.29780929745379947
0.041751399723216315,-0.034915421524684354,0.3006860719289471,0.04591665546163379,-0.041411163820428164,0.29802891142660914
0.04322357756622385,-0.034650005315833,0.30024764361494305,0.046175645397003307,-0.039919524565198546,0.29824559462141953
0.044698709209194186,-0.034335501923941136,0.29979391741816275,0.04639189109182207,-0.03843497115503207,0.2984593438953671
0.046175221662084806,-0.03397167854283784,0.29932493757857787,0.0465658072364602,-0.03695865552127234,0.29867015614932246
0.04765153245534598,-0.033558352566763774,0.29884074984060327,0.04669783850994212,-0.035491715052126914,0.29887802832793037
0.049126051243204745,-0.03309539192926457,0.29834140144856525,0.04678845914261623,-0.03403527182819944,0.2990829574196534
0.050597181418451695,-0.03258271539089791,0.2978269411420015,0.04683817245959851,-0.032590431870246364,0.29928494045681786
0.05206332173710125,-0.03202029277537606,0.2972974191507929,0.04684751040531578,-0.031158284399648004,0.2994839745156599
0.05352286795127965,-0.03140814515381601,0.29675288719012827,0.04681703304948855,-0.02973990111206911,0.29968005671637177
0.05497421444868764,-0.030746344976822625,0.29619339845530257,0.046747328074906065,-0.028336335464777332,0.2998731842231461
0.05641575589697458,-0.030035016154182595,0.29561900761634835,0.04663901024735757,-0.026948621978071116,0.3000633542442214
0.0578458888913529,-0.029274334081999573,0.2950297708125013,0.04649272086809646,-0.025577775551262893,0.3002505640319233
0.05926301360377757,-0.0284645256171545,0.294425745646502,0.04630912720922352,-0.024224790793647536,0.30043481088270774
0.060665535432010184,-0.02760586899902792,0.2938069911787313,0.046088921932387505,-0.02289064137088251,0.3006160921372021
0.06205186664688591,-0.026698693718475205,0.2931735679211839,0.04583282249121018,-0.021576279367189456,0.3007944051802454
0.0634204280361005,-0.02574338033409782,0.29252553783127644,0.04554157051785465,-0.020282634663780275,0.3009697474409283
0.0647696505428357,-0.02474036023590928,0.29186296430549585,0.04521593119416464,-0.01901061433389946,0.3011421163926321
0.06609797689754505,-0.02369011535654556,0.29118591217288264,0.04485669260781192,-0.017761102054861685,0.3013115095530674
0.06740386324122538,-0.022593177830225367,0.2904944476883558,0.044464665093899354,-0.016534957537455413,0.3014779244843115
0.06868578073850704,-0.0214501295997169,0.2897886385258761,0.044040680562474926,-0.015333015973069141,0.3016413587928461
0.06994221717890264,-0.020261601971623005,0.2890685537714493,0.04358559181242226,-0.014156087498886917,0.30180181012959323
0.07117167856456472,-0.019028275120346414,0.2883342639159714,0.04310027183219957,-0.01300495668148526,0.3019592761899513
0.07237269068291238,-0.017750877541153027,0.28758584084791516,0.04258561308790946,-0.011880382019155818,0.3021137547138302
0.07354380066250261,-0.01643018545279961,0.2868233578458599,0.04204252679918836,-0.010783095463260757,0.3022652434856855
0.07468357851053489,-0.015067022150246658,0.2860468895708636,0.041471942203412125,-0.009713801958919358,0.3024137403345527
0.07579061863039227,-0.013662257308027606,0.2852565120586809,0.04090524927299083,-0.008717050250255518,0.3025524085303735
0.07590084656639931,-0.013682127345394708,0.28520382910140774,0.04046008390852755,-0.007944860688524059,0.3026572157181242
0.07601094762208488,-0.013701974510912606,0.2851508729137974,0.04019562140763225,-0.007446566822269461,0.3027195534731522
0.07612092114148883,-0.013721798686335858,0.2850976438113525,0.04010157231061041,-0.0071842415494837025,0.3027446566906502
0.07623076646941077,-0.013741599753555973,0.2850441421112013,0.04013440037072899,-0.007090007618360622,0.30274289097066237
0.07634048295141406,-0.013761377594602109,0.2849903681320964,0.04024489331720102,-0.007097112665708161,0.30272472443350007
0.07645006993382968,-0.013781132091641836,0.28493632219441245,0.04039284332154991,-0.007153324645811731,0.3026984359669146
0.07655952676376018,-0.013800863126981764,0.2848820046201444,0.04055154987795879,-0.007224116028079328,0.30266951818994126
0.07666885278908364,-0.01382057058306834,0.2848274157329056,0.04070656638171992,-0.0072905350988392605,0.30264098779856907
0.07677804735845718,-0.013840254342488437,0.28477255585792566,0.04085224179192588,-0.007344935133128887,0.30261406192641627
0.07688710982132137,-0.013859914287970137,0.284717425322049,0.040988144850195724,-0.007386540092310631,0.3025888648801078
0.07699603952790365,-0.013879550302383374,0.2846620244537322,0.0411162798261477,-0.007417879126065117,0.3025649955376526
0.07710483582922255,-0.013899162268740705,0.2846063535830427,0.04123929118078496,-0.007442413275701409,0.3025419043538621
0.0772134980770913,-0.013918750070197928,0.28455041304165657,0.04135951423178618,-0.007463244610240475,0.302519098359249
0.07732202562412187,-0.01393831359005479,0.28449420316285634,0.04147861788800486,-0.0074826117548074484,0.3024962214565886
0.07743041782372863,-0.01395785271175576,0.2844377242815293,0.04159759383664584,-0.007501856787662742,0.30247305993046414
0.07753867403013243,-0.013977367318890611,0.28438097673416546,0.04171690438641533,-0.007521612925477355,0.30244951281930194
0.0776467935983644,-0.013996857295195217,0.2843239608588553,0.041836668645098454,-0.007542049514656308,0.3024255530664296
0.07775477588426954,-0.014016322524552174,0.2842666769952881,0.04195682400651814,-0.0075630875669451736,0.30240119325848075
0.07786262024451092,-0.014035762890991477,0.28420912548474997,0.04207724001698798,-0.007584553340846288,0.3023764611632056
0.0779703260365732,-0.014055178278691334,0.28415130667012106,0.0421932509587283,-0.007605451985940656,0.3023523341024347
0.0779703260365732,-0.014055178278691334,0.28415130667012106,0.04228780619581229,-0.0076225891552067675,0.3023324525488068
0.0779703260365732,-0.014055178278691334,0.28415130667012106,0.042353009010485256,-0.007634462523414349,0.3023186294273578
0.0779703260365732,-0.014055178278691334,0.28415130667012106,0.04239092737493529,-0.007641402829083391,0.302310548025317
0.0779703260365732,-0.014055178278691334,0.28415130667012106,0.04240818062192952,-0.00764458755623391,0.3023068603920805
0.0779703260365732,-0.014055178278691334,0.28415130667012106,0.042412196305127485,-0.007645355407035717,0.3023060009704988
0.0779703260365732,-0.014055178278691334,0.28415130667012106,0.04240922595481159,-0.007644840159332051,0.3023066363011421
0.0779703260365732,-0.014055178278691334,0.28415130667012106,0.04240365299244618,-0.007643840466154897,0.3023078280415726
0.0779703260365732,-0.014055178278691334,0.28415130667012106,0.042398063113851206,-0.00764282972055585,0.3023090227837196
0.0779703260365732,-0.014055178278691334,0.28415130667012106,0.04239365807577421,-0.007642029650287449,0.30230996383639536
0.0779703260365732,-0.014055178278691334,0.28415130667012106,0.04239074202811974,-0.007641498036438137,0.3023105865787696
0.0779703260365732,-0.014055178278691334,0.28415130667012106,0.042389138245912526,-0.0076412043431908945,0.30231092900957934
0.0779703260365732,-0.014055178278691334,0.28415130667012106,0.042388484840384356,-0.007641083621955932,0.3023110685136796
0.0779703260365732,-0.014055178278691334,0.28415130667012106,0.04238841131723624,-0.007641068841704419,0.3023110842200499
0.0779703260365732,-0.014055178278691334,0.28415130667012106,0.04238862224226103,-0.007641106317708213,0.3023110392001394
0.0779703260365732,-0.014055178278691334,0.28415130667012106,0.04238892000227858,-0.007641160012557422,0.302310975638197
0.0779703260365732,-0.014055178278691334,0.28415130667012106,0.042389194482674204,-0.00764120976161559,0.3023109170419739
0.0779703260365732,-0.014055178278691334,0.28415130667012106,0.042389399614827405,-0.007641247061677702,0.3023108732482276
0.0779703260365732,-0.014055178278691334,0.28415130667012106,0.04238952884224436,-0.007641270629486152,0.3023108456583904
0.0779703260365732,-0.014055178278691334,0.28415130667012106,0.04238959532000621,-0.007641282801876478,0.30231083146497273
0.0779703260365732,-0.014055178278691334,0.28415130667012106,0.042389618532400364,-0.00764128709455038,0.30231082650862207
0.0779703260365732,-0.014055178278691334,0.28415130667012106,0.04238961674026476,-0.007641286819009023,0.3023108268908382
0.0779703260365732,-0.014055178278691334,0.28415130667012106,0.042389603741557216,-0.0076412844851676855,0.30231082966578915
0.0779703260365732,-0.014055178278691334,0.28415130667012106,0.04238958832209942,-0.007641281695628984,0.30231083295768213
0.0779703260365732,-0.014055178278691334,0.28415130667012106,0.042389575070324086,-0.007641279290383864,0.30231083578685586
0.0779703260365732,-0.014055178278691334,0.28415130667012106,0.04238956565037788,-0.007641277576678814,0.30231083779798645
0.0779703260365732,-0.014055178278691334,0.28415130667012106,0.0423895600160493,-0.007641276549277307,0.30231083900091693
0.0779703260365732,-0.014055178278691334,0.28415130667012106,0.042389557338284825,-0.00764127605924593,0.30231083957263394
0.0779703260365732,-0.014055178278691334,0.28415130667012106,0.04238955660208032,-0.00764127592285193,0.30231083972983075
0.0779703260365732,-0.014055178278691334,0.28415130667012106,0.04238955692279391,-0.007641275979458037,0.3023108396613733
0.0779703260365732,-0.014055178278691334,0.28415130667012106,0.0423895576649352,-0.007641276113421665,0.3023108395029369
0.0779703260365732,-0.014055178278691334,0.28415130667012106,0.04238955844406546,-0.007641276254638436,0.30231083933659925
0.0779703260365732,-0.014055178278691334,0.28415130667012106,0.042389559074118024,-0.007641276369072296,0.30231083920208657
0.0779703260365732,-0.014055178278691334,0.28415130667012106,0.042389559500661415,-0.007641276446667598,0.3023108391110209
0.0779703260365732,-0.014055178278691334,0.28415130667012106,0.042389559741885366,-0.007641276490628096,0.3023108390595198
0.0779703260365732,-0.014055178278691334,0.28415130667012106,0.04238955984575668,-0.007641276509618164,0.30231083903734285
0.0779703260365732,-0.014055178278691334,0.28415130667012106,0.042389559863809476,-0.007641276512983113,0.302310839033488
0.0779703260365732,-0.014055178278691334,0.28415130667012106,0.04238955983823674,-0.007641276508388987,0.30231083903894723
0.0779703260365732,-0.014055178278691334,0.28415130667012106,0.04238955979790071,-0.0076412765010871846,0.3023108390475585
0.0779703260365732,-0.014055178278691334,0.28415130667012106,0.04238955975932768,-0.0076412764940892285,0.3023108390557936
0.0779703260365732,-0.014055178278691334,0.28415130667012106,0.042389559729800935,-0.007641276488725762,0.30231083906209744
0.0779703260365732,-0.014055178278691334,0.28415130667012106,0.042389559710766044,-0.007641276485264534,0.30231083906616124
0.0779703260365732,-0.014055178278691334,0.28415130667012106,0.0423895597006547,-0.007641276483423625,0.30231083906832
0.0779703260365732,-0.014055178278691334,0.28415130667012106,0.04238955969683628,-0.00764127648272647,0.30231083906913525
0.0779703260365732,-0.014055178278691334,0.28415130667012106,0.04238955969674903,-0.007641276482708142,0.30231083906915385
0.0779703260365732,-0.014055178278691334,0.28415130667012106,0.04238955969840966,-0.007641276483008274,0.3023108390687994
0.0779703260365732,-0.014055178278691334,0.28415130667012106,0.0423895597005261,-0.007641276483391937,0.3023108390683476
0.0779703260365732,-0.014055178278691334,0.28415130667012106,0.04238955970240227,-0.007641276483732431,0.30231083906794703
0.0779703260365732,-0.014055178278691334,0.28415130667012106,0.04238955970376683,-0.007641276483980217,0.30231083906765566
0.0779703260365732,-0.014055178278691334,0.28415130667012106,0.04238955970460317,-0.0076412764841321795,0.30231083906747713
0.0779703260365732,-0.014055178278691334,0.28415130667012106,0.042389559705016254,-0.007641276484207309,0.3023108390673889
0.0779703260365732,-0.014055178278691334,0.28415130667012106,0.042389559705145054,-0.007641276484230796,0.30231083906736145
0.0779703260365732,-0.014055178278691334,0.28415130667012106,0.04238955970511461,-0.007641276484225316,0.3023108390673679
0.0779703260365732,-0.014055178278691334,0.28415130667012106,0.042389559705016885,-0.007641276484207619,0.3023108390673888
0.0779703260365732,-0.014055178278691334,0.28415130667012106,0.04238955970490881,-0.0076412764841880055,0.3023108390674119
0.0779703260365732,-0.014055178278691334,0.28415130667012106,0.042389559704818995,-0.0076412764841717095,0.30231083906743106
0.0779703260365732,-0.014055178278691334,0.28415130667012106,0.0423895597047568,-0.007641276484160424,0.3023108390674443
0.0779703260365732,-0.014055178278691334,0.28415130667012106,0.042389559704720685,-0.007641276484153872,0.3023108390674521
0.0779703260365732,-0.014055178278691334,0.28415130667012106,0.04238955970470436,-0.007641276484150901,0.3023108390674555
0.0779703260365732,-0.014055178278691334,0.28415130667012106,0.04238955970470068,-0.007641276484150232,0.3023108390674563
0.0779703260365732,-0.014055178278691334,0.28415130667012106,0.04238955970470366,-0.0076412764841507705,0.3023108390674557
0.0779703260365732,-0.014055178278691334,0.28415130667012106,0.04238955970470906,-0.007641276484151754,0.3023108390674546
0.0779703260365732,-0.014055178278691334,0.28415130667012106,0.042389559704714475,-0.007641276484152747,0.3023108390674534
0.0779703260365732,-0.014055178278691334,0.28415130667012106,0.04238955970471871,-0.0076412764841535105,0.30231083906745243
0.0779703260365732,-0.014055178278691334,0.28415130667012106,0.042389559704721504,-0.007641276484154016,0.3023108390674518
0.0779703260365732,-0.014055178278691334,0.28415130667012106,0.04238955970472304,-0.007641276484154297,0.3023108390674516
0.0779703260365732,-0.014055178278691334,0.28415130667012106,0.04238955970472365,-0.007641276484154408,0.3023108390674514
0.0779703260365732,-0.014055178278691334,0.28415130667012106,0.04238955970472372,-0.0076412764841544195,0.3023108390674514
0.0779703260365732,-0.014055178278691334,0.28415130667012106,0.042389559704723495,-0.007641276484154382,0.30231083906745143
0.0779703260365732,-0.014055178278691334,0.28415130667012106,0.04238955970472322,-0.0076412764841543345,0.30231083906745154
0.0779703260365732,-0.014055178278691334,0.28415130667012106,0.04238955970472295,-0.007641276484154286,0.30231083906745154
0.0779703260365732,-0.014055178278691334,0.28415130667012106,0.04238955970472276,-0.007641276484154245,0.3023108390674516
0.0779703260365732,-0.014055178278691334,0.28415130667012106,0.04238955970472263,-0.0076412764841542295,0.30231083906745165
0.0779703260365732,-0.014055178278691334,0.28415130667012106,0.042389559704722565,-0.0076412764841542104,0.30231083906745165
0.0779703260365732,-0.014055178278691334,0.28415130667012106,0.04238955970472254,-0.007641276484154205,0.3023108390674517
0.0779703260365732,-0.014055178278691334,0.28415130667012106,0.04238955970472255,-0.007641276484154209,0.3023108390674517
0.0779703260365732,-0.014055178278691334,0.28415130667012106,0.04238955970472256,-0.0076412764841542104,0.3023108390674517
0.0779703260365732,-0.014055178278691334,0.28415130667012106,0.04238955970472258,-0.007641276484154214,0.30231083906745165
0.0779703260365732,-0.014055178278691334,0.28415130667012106,0.04238955970472259,-0.007641276484154214,0.30231083906745165
0.0779703260365732,-0.014055178278691334,0.28415130667012106,0.0423895597047226,-0.007641276484154216,0.30231083906745165
0.0779703260365732,-0.014055178278691334,0.28415130667012106,0.04238955970472259,-0.007641276484154222,0.30231083906745165
0.0779703260365732,-0.014055178278691334,0.28415130667012106,0.0423895597047226,-0.0076412764841542235,0.30231083906745165
0.0779703260365732,-0.014055178278691334,0.28415130667012106,0.0423895597047226,-0.0076412764841542235,0.30231083906745165
0.0779703260365732,-0.014055178278691334,0.28415130667012106,0.0423895597047226,-0.0076412764841542235,0.30231083906745165
0.0779703260365732,-0.014055178278691334,0.28415130667012106,0.0423895597047226,-0.0076412764841542235,0.30231083906745165
0.0779703260365732,-0.014055178278691334,0.28415130667012106,0.0423895597047226,-0.0076412764841542235,0.30231083906745165
0.0779703260365732,-0.014055178278691334,0.28415130667012106,0.04238955970472259,-0.007641276484154222,0.30231083906745165
0.0779703260365732,-0.014055178278691334,0.28415130667012106,0.04238955970472259,-0.007641276484154222,0.30231083906745165
0.0779703260365732,-0.014055178278691334,0.28415130667012106,0.04238955970472259,-0.007641276484154222,0.30231083906745165
0.0779703260365732,-0.014055178278691334,0.28415130667012106,0.04238955970472259,-0.007641276484154222,0.30231083906745165
0.0779703260365732,-0.014055178278691334,0.28415130667012106,0.04238955970472259,-0.007641276484154222,0.30231083906745165
0.0779703260365732,-0.014055178278691334,0.28415130667012106,0.04238955970472259,-0.007641276484154222,0.30231083906745165
0.0779703260365732,-0.014055178278691334,0.28415130667012106,0.04238955970472259,-0.007641276484154222,0.30231083906745165
0.0779703260365732,-0.014055178278691334,0.28415130667012106,0.04238955970472259,-0.007641276484154222,0.30231083906745165
0.0779703260365732,-0.014055178278691334,0.28415130667012106,0.04238955970472259,-0.007641276484154222,0.30231083906745165
0.0779703260365732,-0.014055178278691334,0.28415130667012106,0.04238955970472259,-0.007641276484154222,0.30231083906745165
0.0779703260365732,-0.014055178278691334,0.28415130667012106,0.04238955970472259,-0.007641276484154222,0.30231083906745165
0.0779703260365732,-0.014055178278691334,0.28415130667012106,0.04238955970472259,-0.007641276484154222,0.30231083906745165
0.0779703260365732,-0.014055178278691334,0.28415130667012106,0.04238955970472259,-0.007641276484154222,0.30231083906745165
0.0779703260365732,-0.014055178278691334,0.28415130667012106,0.04238955970472259,-0.007641276484154222,0.30231083906745165
0.0779703260365732,-0.014055178278691334,0.28415130667012106,0.04238955970472259,-0.007641276484154222,0.30231083906745165
0.0779703260365732,-0.014055178278691334,0.28415130667012106,0.04238955970472259,-0.007641276484154222,0.30231083906745165
0.07616005015150554,-0.016358849924075488,0.2854769289389745,0.04244371178827281,-0.007712811444112842,0.30229844192569855
0.07426316036402518,-0.018552788743744837,0.2867696580402118,0.04274776201191921,-0.008118737043400177,0.302227926564077
0.07228563314644476,-0.020633277552784858,0.2880291199131429,0.043372985264773734,-0.008983619378947545,0.30207774985134916
0.0702336133759982,-0.022596916781678873,0.2892549496754996,0.04426251899108818,-0.010294865092750124,0.3018507822253767
0.06811339759042273,-0.024440632246582356,0.2904467917393697,0.04530738592725526,-0.011976865256473209,0.30156088248331214
0.0659314168834461,-0.026161682041210818,0.2916042999241713,0.04639984674105743,-0.013935264103534486,0.30122467827224025
0.06369421948605779,-0.027757662533669212,0.29272713756663216,0.047458803518493006,-0.016082616638491507,0.30085705706703464
0.061408453080215704,-0.029226513453940145,0.2938149776277389,0.04843432101258476,-0.0183514274949643,0.3004691335476647
0.05908084689228353,-0.030566522060170534,0.2948675027966181,0.049301327625533596,-0.020697575000360912,0.3000678830880624
0.05671819361401394,-0.031776326374346436,0.29588440559131896,0.050050375954896496,-0.023097293012295114,0.2996567691473653
0.05432733119928615,-0.03285491748042296,0.2968653884564606,0.05067972914551188,-0.025541143654408127,0.2992367889894371
0.0519151245850709,-0.03380164088046202,0.2978101638577147,0.051190158331112054,-0.028027737863368582,0.29880752175242
0.04948844738523404,-0.03461619690683371,0.2987184543730912,0.05158224893335718,-0.030558771472646046,0.2983679525499205
0.04705416360579779,-0.035298640191036554,0.2995899927809974,0.051855444862134906,-0.03313586486170771,0.2979170052813098
0.04461910943015826,-0.03584937819218975,0.3004245221450419,0.05200805140440904,-0.03575901520429249,0.29745381569754886
0.04219007512251198,-0.03626916879074036,0.3012217958955545,0.052037624913937874,-0.03842618610387637,0.29697781827431424
0.039773787097366294,-0.03655911695539588,0.30198157790779634,0.05194141247113582,-0.04113353964219803,0.2964887239515667
0.037376890202507916,-0.036720670493740656,0.3027036425768348,0.051716689757830454,-0.04387592503939,0.29598645000559176
0.03500593026217914,-0.03675561489941334,0.30338777488905716,0.051360962514449285,-0.04664738080595713,0.2954710420528268
0.032667336926458984,-0.036666067311099046,0.3040337704903015,0.050872055351308926,-0.04944153164780149,0.29494260915368287
0.03036740687197857,-0.036454469600932154,0.3046414357505803,0.050248129786623,-0.05225184794517051,0.2944012792568146
0.028112287398109257,-0.03612358061219154,0.30521058782537813,0.04948766936616336,-0.055071784125305306,0.2938471740509723
0.02590796046165838,-0.03567646756840662,0.3057410547135011,0.04858945728735283,-0.05789483144270642,0.29328039856718224
0.023760227191888837,-0.0351164966781653,0.30623267531145987,0.04755255934320564,-0.0607145215382759,0.29270104009765907
0.021674692926350964,-0.034447322962022825,0.3066852994643694,0.04637631586434837,-0.06352440914212208,0.2921091718066501
0.019656752806581832,-0.03367287932994559,0.30709878801334667,0.04506034130162718,-0.0663180519661429,0.2915048578018296
0.017711577971192122,-0.032797364939683535,0.30747301283939377,0.04360452828791148,-0.0690889968315476,0.2908881578046986
0.01584410238222477,-0.0318252328683404,0.3078078569037486,0.04200905315572648,-0.07183077478899522,0.2902591306181589
0.01405901031894389,-0.03076117713119892,0.308103214284693,0.04027438084997512,-0.07453690443142755,0.28961783626966836
0.012360724571395029,-0.029610119083557658,0.3083589902108048,0.03840126823187195,-0.07720090113885475,0.28896433705911945
0.010753395364177137,-0.028377193242935094,0.30857510109064296,0.03639076556623691,-0.07981628984395787,0.288298697857744
0.009240890038885868,-0.027067732570496435,0.30875147453885676,0.03424421643147489,-0.08237661939552438,0.28762098598481173
0.007826783521635445,-0.025687253251956966,0.30888804939871,0.03196325644714348,-0.08487547726347579,0.2869312709085987
0.006514349599943176,-0.024241439019502018,0.30898477576101335,0.02954981118596163,-0.08730650392103466,0.28622962392646895
0.0053065530310753995,-0.022736125057439067,0.3090416149794585,0.027006093527105396,-0.08966340665801795,0.28551611790185555
0.0042060425017134175,-0.021177281535363458,0.3090585396823486,0.024334600586709436,-0.09193997282034114,0.28479082708255227
0.0032151444565036522,-0.019570996813559956,0.3090355337807228,0.021538110266974296,-0.09413008257474817,0.2840538269941837
0.002335857810719936,-0.01792346036619149,0.30897259247287134,0.018619677408454625,-0.09622772131531929,0.2833051943896282
0.0015698495598890925,-0.01624094546852758,0.30886972224523856,0.015582629506723894,-0.0982269918029503,0.2825450072331545
0.0009184512968230226,-0.014529791695046989,0.30872694086971697,0.01243056195408165,-0.10012212609055357,0.2817733447017044
0.0003826566440661063,-0.012796387275704568,0.3085442773973296,0.009167332778222062,-0.10190749725176475,0.28099028719129276
-3.6880392686970166e-05,-0.011047151357980341,0.30832177214830614,0.005797056864478666,-0.10357763090598338,0.28019591632171503
-0.00033984614711436885,-0.009288516222532963,0.3080594766985537,0.002324099661361702,-0.1051272165181885,0.2793903149366922
-0.0005262670901155513,-0.007526909500353089,0.30775745386252856,-0.001246929621471639,-0.10655111844583859,0.2785735670990489
-0.0005965087048422175,-0.005768736439263237,0.30741577767251393,-0.004911185308083875,-0.10784438670427665,0.2777457580817749
-0.0005512734432347489,-0.00402036226742573,0.3070345333543102,-0.008663593026642446,-0.10900226742383197,0.27690697435621986
-0.00039159777084023326,-0.0022880947012204993,0.3066138172993474,-0.012498857937295618,-0.11002021297445065,0.27605730357859
-0.00011884830912076583,-0.000578166644417134,0.3061537370332269,-0.016411473399717595,-0.11089389173622656,0.27519683457562033
0.0002652829131321267,0.0011032808749880767,0.30565441118070547,-0.02039573006288455,-0.1116191974962297,0.2743256573299774
0.0007587840852872636,0.0027502154845804126,0.3051159694271309,-0.024445725359906238,-0.11219225845352661,0.27344386296566564
0.0013593301009422656,0.004356729919090441,0.30453855247634387,-0.02855537339066242,-0.11260944581536368,0.27255154373353385
0.002064289885955443,0.0059170580997452565,0.3039223120050596,-0.03271841517464562,-0.1128673819683091,0.2716487929968624
0.0028707345475858567,0.00742559079847337,0.3032674106137427,-0.03692842925584995,-0.11296294820887773,0.2707357052169729
0.0037754463217050845,0.008876890845182638,0.3025740217739951,-0.041178842640870975,-0.11289329201886579,0.2698123759387908
0.004774928292923034,0.01026570783758698,0.30184232977247116,-0.045462942050669496,-0.11265583387137669,0.26887890177630397
0.00586541486042109,0.011586992314431707,0.3010725296513405,-0.0497738854657825,-0.11224827355431553,0.2679353803978768
0.007042882920306892,0.01283590935443407,0.30026482714531705,-0.05410471394410734,-0.11166859599899295,0.2669819105114033
0.00830306373340687,0.01400785156482811,0.29941943861527687,-0.05844836368984314,-0.11091507660237629,0.26601859184928695
0.009641455445598808,0.01509845142507115,0.29853659097848473,-0.06263827519983042,-0.1100670444784056,0.2650575817390531
0.008996112936979087,0.014087849594890376,0.2986253251901138,-0.06609557164659069,-0.10945360820136786,0.264144799652731
0.008350534161435512,0.013076877772368406,0.29870791327366053,-0.06858941660921537,-0.10927666837761776,0.26330293975836705
0.007704736073947649,0.012065562508883933,0.29878435306009543,-0.0702202691333937,-0.10954498866959736,0.2625279795325675
0.007058735635254981,0.011053930364835783,0.2988546425418632,-0.07122037400619068,-0.11015859853635471,0.2618030762926249
0.0064125498114113895,0.010042007908944973,0.2989187798729358,-0.07183257089023289,-0.11098818469883091,0.2611086646788814
0.005766195573339438,0.009029821717556924,0.29897676336886003,-0.07225253349332744,-0.11192261251580589,0.2604280144420157
0.005119689896384913,0.008017398373943758,0.29902859150680233,-0.07261194707728659,-0.11288607552487281,0.25974927881159665
0.004473049759870925,0.00700476446760602,0.29907426292558875,-0.07298423090875444,-0.11383672988342307,0.25906541471375827
0.0038262921466516893,0.005991946593574025,0.2991137764257406,-0.07339976074101316,-0.1147577483280702,0.2583731205718519
0.0031794340426670523,0.004978971351710087,0.29914713096950607,-0.07386236105070373,-0.11564743629380997,0.2576715444718314
0.002532492436495823,0.0039658653460091925,0.29917432568088737,-0.07436280856169832,-0.11651134026831039,0.25696116158613314
0.0018854843189099364,0.0029526551839006623,0.2991953598456635,-0.07488795852336022,-0.11735705811835856,0.25624296925301393
0.0012384266824281842,0.00193936747554946,0.29921023291140975,-0.07542581077566055,-0.11819142303940952,0.25551800087625604
0.0005913365208697827,0.0009260288331569399,0.29921894448751124,-0.07596757345642671,-0.11901938687355494,0.2547870915396014
-5.5769171091776815e-05,-8.733412973769769e-05,0.2992214943451741,-0.07650788782093601,-0.11984392699723707,0.25405081074810276
-0.0007028733983751242,-0.0011006947989565686,0.2992178824174308,-0.07704416162634885,-0.12066644402973044,0.253309487434823
-0.0013499591659374265,-0.002114026560382074,0.29920810879914206,-0.07757564467605109,-0.12148729696144195,0.2525632727299358
-0.001997009479220515,-0.003127302800655686,0.29919217374699475,-0.07810259374508981,-0.12230628204123033,0.25181220703266155
-0.0026440073445975158,-0.004140496907877177,0.29917007767949466,-0.07862566539341549,-0.1231229785903482,0.2510562748495844
-0.0032909357698189274,-0.00515358227230339,0.29914182117695576,-0.07912392251959885,-0.12390309062358051,0.25032725602733147
-0.0032909357698189274,-0.00515358227230339,0.29914182117695576,-0.07951999481208966,-0.12452425992651299,0.24974172666500252
-0.0032909357698189274,-0.00515358227230339,0.29914182117695576,-0.0797831505800459,-0.12493756810134986,0.24934965913855414
-0.0032909357698189274,-0.00515358227230339,0.29914182117695576,-0.07992789587546918,-0.1251653024420207,0.2491328400096408
-0.0032909357698189274,-0.00515358227230339,0.29914182117695576,-0.07998690661456213,-0.12525847016581257,0.24904405076257866
-0.0032909357698189274,-0.00515358227230339,0.29914182117695576,-0.07999403864477198,-0.12527008548659155,0.2490330836486221
-0.0032909357698189274,-0.00515358227230339,0.29914182117695576,-0.07997619077624259,-0.1252423409613402,0.24905967419682012
-0.0032909357698189274,-0.00515358227230339,0.29914182117695576,-0.07995111385720619,-0.12520312046845022,0.24909717188812036
-0.0032909357698189274,-0.00515358227230339,0.29914182117695576,-0.07992844398974745,-0.12516758814507095,0.24913110282007667
-0.0032909357698189274,-0.00515358227230339,0.29914182117695576,-0.07991198393501675,-0.12514175084628343,0.24915575380912633
-0.0032909357698189274,-0.00515358227230339,0.29914182117695576,-0.07990204559434577,-0.1251261269920691,0.2491706488321111
-0.0032909357698189274,-0.00515358227230339,0.29914182117695576,-0.07989729533638427,-0.12511864152654897,0.24917777848087333
-0.0032909357698189274,-0.00515358227230339,0.29914182117695576,-0.07989595873394006,-0.1251165186127752,0.2491797951171321
-0.0032909357698189274,-0.00515358227230339,0.29914182117695576,-0.07989646377559916,-0.12511729400782226,0.24917905020561895
-0.0032909357698189274,-0.00515358227230339,0.29914182117695576,-0.07989768518780689,-0.12511920118850062,0.24917722826436486
-0.0032909357698189274,-0.00515358227230339,0.29914182117695576,-0.07989895357270474,-0.12512118767002625,0.24917533240410225
-0.0032909357698189274,-0.00515358227230339,0.29914182117695576,-0.07989995643973016,-0.12512276089686142,0.2491738317284637
-0.0032909357698189274,-0.00515358227230339,0.29914182117695576,-0.07990061288452194,-0.1251237921561637,0.24917284847683902
-0.0032909357698189274,-0.00515358227230339,0.29914182117695576,-0.07990096472522194,-0.12512434590593577,0.24917232082252835
-0.0032909357698189274,-0.00515358227230339,0.29914182117695576,-0.07990109967078582,-0.125124559147156,0.24917211790127342
-0.0032909357698189274,-0.00515358227230339,0.29914182117695576,-0.07990110630054081,-0.12512457062895416,0.2491721072944073
-0.0032909357698189274,-0.00515358227230339,0.29914182117695576,-0.07990105356477772,-0.12512448852741895,0.24917218581417142
-0.0032909357698189274,-0.00515358227230339,0.29914182117695576,-0.0799009859767687,-0.12512438277994808,0.2491722867796649
-0.0032909357698189274,-0.00515358227230339,0.29914182117695576,-0.0799009269679288,-0.12512429027123415,0.24917237504598205
-0.0032909357698189274,-0.00515358227230339,0.29914182117695576,-0.07990088516603838,-0.12512422464291306,0.2491724376341129
-0.0032909357698189274,-0.00515358227230339,0.29914182117695576,-0.07990086057265564,-0.12512418597113883,0.24917247449498847
-0.0032909357698189274,-0.00515358227230339,0.29914182117695576,-0.07990084929878405,-0.12512416819717237,0.24917249142170272
-0.0032909357698189274,-0.00515358227230339,0.29914182117695576,-0.07990084657993272,-0.12512416386507658,0.24917249553258608
-0.0032909357698189274,-0.00515358227230339,0.29914182117695576,-0.07990084833372106,-0.1251241665741082,0.24917249293463883
-0.0032909357698189274,-0.00515358227230339,0.29914182117695576,-0.07990085170813714,-0.12512417184617075,0.24917248789839105
-0.0032909357698189274,-0.00515358227230339,0.29914182117695576,-0.07990085505068313,-0.12512417708243076,0.24917248290088728
-0.0032909357698189274,-0.00515358227230339,0.29914182117695576,-0.07990085762332969,-0.1251241811189756,0.2491724790504584
-0.0032909357698189274,-0.00515358227230339,0.29914182117695576,-0.07990085926726814,-0.12512418370208672,0.24917247658765843
-0.0032909357698189274,-0.00515358227230339,0.29914182117695576,-0.07990086012079872,-0.12512418504586828,0.2491724753073213
-0.0032909357698189274,-0.00515358227230339,0.29914182117695576,-0.07990086042494977,-0.1251241855270054,0.2491724748496461
-0.0032909357698189274,-0.00515358227230339,0.29914182117695576,-0.07990086041259668,-0.12512418551035928,0.24917247486642222
-0.0032909357698189274,-0.00515358227230339,0.29914182117695576,-0.0799008602603007,-0.12512418527298858,0.24917247509337304
-0.0032909357698189274,-0.00515358227230339,0.29914182117695576,-0.07990086007931808,-0.12512418498973038,0.24917247536380935
-0.0032909357698189274,-0.00515358227230339,0.29914182117695576,-0.07990085992630654,-0.12512418474980389,0.24917247559272931
-0.0032909357698189274,-0.00515358227230339,0.29914182117695576,-0.07990085982049491,-0.12512418458365018,0.24917247575118284
-0.0032909357698189274,-0.00515358227230339,0.29914182117695576,-0.07990085975988619,-0.12512418448832235,0.249172475842042
-0.0032909357698189274,-0.00515358227230339,0.29914182117695576,-0.07990085973336235,-0.12512418444648232,0.2491724758818803
-0.0032909357698189274,-0.00515358227230339,0.29914182117695576,-0.07990085972820517,-0.12512418443822118,0.24917247588970476
-0.0032909357698189274,-0.00515358227230339,0.29914182117695576,-0.07990085973384951,-0.1251241844469706,0.24917247588132307
-0.0032909357698189274,-0.00515358227230339,0.29914182117695576,-0.07990085974308925,-0.12512418446141363,0.24917247586752722
-0.0032909357698189274,-0.00515358227230339,0.29914182117695576,-0.07990085975186195,-0.12512418447515977,0.2491724758544081
-0.0032909357698189274,-0.00515358227230339,0.29914182117695576,-0.07990085975844109,-0.1251241844854845,0.24917247584455943
-0.0032909357698189274,-0.00515358227230339,0.29914182117695576,-0.07990085976254394,-0.12512418449193266,0.24917247583841182
-0.0032909357698189274,-0.00515358227230339,0.29914182117695576,-0.0799008597646026,-0.12512418449517493,0.24917247583532287
-0.0032909357698189274,-0.00515358227230339,0.29914182117695576,-0.07990085976527411,-0.12512418449623866,0.24917247583431149
-0.0032909357698189274,-0.00515358227230339,0.29914182117695576,-0.07990085976516823,-0.12512418449607943,0.24917247583446567
-0.0032909357698189274,-0.00515358227230339,0.29914182117695576,-0.07990085976473572,-0.1251241844954047,0.24917247583511065
-0.0032909357698189274,-0.00515358227230339,0.29914182117695576,-0.07990085976425366,-0.12512418449465,0.2491724758358312
-0.0032909357698189274,-0.00515358227230339,0.29914182117695576,-0.07990085976385825,-0.12512418449402987,0.2491724758364229
-0.0032909357698189274,-0.00515358227230339,0.29914182117695576,-0.07990085976359121,-0.1251241844936105,0.24917247583682278
-0.0032909357698189274,-0.00515358227230339,0.29914182117695576,-0.07990085976344251,-0.12512418449337656,0.24917247583704574
-0.0032909357698189274,-0.00515358227230339,0.29914182117695576,-0.07990085976338077,-0.12512418449327906,0.24917247583713859
-0.0032909357698189274,-0.00515358227230339,0.29914182117695576,-0.07990085976337215,-0.12512418449326515,0.24917247583715169
-0.0032909357698189274,-0.00515358227230339,0.29914182117695576,-0.07990085976338952,-0.12512418449329205,0.2491724758371259
-0.0032909357698189274,-0.00515358227230339,0.29914182117695576,-0.07990085976341459,-0.1251241844933313,0.24917247583708846
-0.0032909357698189274,-0.00515358227230339,0.29914182117695576,-0.0799008597634375,-0.12512418449336726,0.24917247583705415
-0.0032909357698189274,-0.00515358227230339,0.29914182117695576,-0.07990085976345429,-0.12512418449339358,0.24917247583702903
-0.0032909357698189274,-0.00515358227230339,0.29914182117695576,-0.0799008597634645,-0.12512418449340962,0.2491724758370138
-0.0032909357698189274,-0.00515358227230339,0.29914182117695576,-0.07990085976346945,-0.1251241844934174,0.24917247583700636
-0.0032909357698189274,-0.00515358227230339,0.29914182117695576,-0.0799008597634709,-0.12512418449341967,0.24917247583700416
-0.0032909357698189274,-0.00515358227230339,0.29914182117695576,-0.07990085976347044,-0.12512418449341894,0.24917247583700491
-0.0032909357698189274,-0.00515358227230339,0.29914182117695576,-0.07990085976346922,-0.12512418449341708,0.24917247583700664
-0.0032909357698189274,-0.00515358227230339,0.29914182117695576,-0.07990085976346796,-0.12512418449341506,0.24917247583700855
-0.0032909357698189274,-0.00515358227230339,0.29914182117695576,-0.07990085976346695,-0.12512418449341348,0.24917247583701008
-0.0032909357698189274,-0.00515358227230339,0.29914182117695576,-0.07990085976346627,-0.1251241844934124,0.24917247583701105
-0.0032909357698189274,-0.00515358227230339,0.29914182117695576,-0.07990085976346588,-0.1251241844934118,0.2491724758370117
-0.0032909357698189274,-0.00515358227230339,0.29914182117695576,-0.07990085976346575,-0.12512418449341162,0.24917247583701188
-0.0032909357698189274,-0.00515358227230339,0.29914182117695576,-0.07990085976346575,-0.12512418449341162,0.24917247583701188
-0.0032909357698189274,-0.00515358227230339,0.29914182117695576,-0.07990085976346581,-0.12512418449341164,0.24917247583701177
-0.0032909357698189274,-0.00515358227230339,0.29914182117695576,-0.07990085976346586,-0.12512418449341178,0.2491724758370117
-0.0032909357698189274,-0.00515358227230339,0.29914182117695576,-0.07990085976346593,-0.12512418449341184,0.24917247583701163
-0.0032909357698189274,-0.00515358227230339,0.29914182117695576,-0.07990085976346598,-0.12512418449341195,0.24917247583701152
-0.0032909357698189274,-0.00515358227230339,0.29914182117695576,-0.079900859763466,-0.12512418449341198,0.2491724758370115
-0.0032909357698189274,-0.00515358227230339,0.29914182117695576,-0.079900859763466,-0.12512418449341198,0.2491724758370115
-0.0032909357698189274,-0.00515358227230339,0.29914182117695576,-0.07990085976346602,-0.12512418449341198,0.2491724758370115
-0.0032909357698189274,-0.00515358227230339,0.29914182117695576,-0.07990085976346602,-0.12512418449341198,0.2491724758370115
-0.0032909357698189274,-0.00515358227230339,0.29914182117695576,-0.079900859763466,-0.12512418449341198,0.2491724758370115
-0.0032909357698189274,-0.00515358227230339,0.29914182117695576,-0.079900859763466,-0.12512418449341198,0.2491724758370115
-0.0032909357698189274,-0.00515358227230339,0.29914182117695576,-0.079900859763466,-0.12512418449341198,0.2491724758370115
-0.0032909357698189274,-0.00515358227230339,0.29914182117695576,-0.079900859763466,-0.12512418449341198,0.2491724758370115
-0.0032909357698189274,-0.00515358227230339,0.29914182117695576,-0.079900859763466,-0.12512418449341198,0.2491724758370115
-0.0032909357698189274,-0.00515358227230339,0.29914182117695576,-0.079900859763466,-0.12512418449341198,0.2491724758370115
-0.0032909357698189274,-0.00515358227230339,0.29914182117695576,-0.079900859763466,-0.12512418449341198,0.2491724758370115
-0.0032909357698189274,-0.00515358227230339,0.29914182117695576,-0.079900859763466,-0.12512418449341198,0.2491724758370115
-0.0032909357698189274,-0.00515358227230339,0.29914182117695576,-0.079900859763466,-0.12512418449341198,0.2491724758370115
-0.0032909357698189274,-0.00515358227230339,0.29914182117695576,-0.079900859763466,-0.12512418449341198,0.2491724758370115
-0.0032909357698189274,-0.00515358227230339,0.29914182117695576,-0.079900859763466,-0.12512418449341198,0.2491724758370115
-0.0032909357698189274,-0.00515358227230339,0.29914182117695576,-0.079900859763466,-0.12512418449341198,0.2491724758370115
-0.0032909357698189274,-0.00515358227230339,0.29914182117695576,-0.079900859763466,-0.12512418449341198,0.2491724758370115
-0.0032909357698189274,-0.00515358227230339,0.29914182117695576,-0.079900859763466,-0.12512418449341198,0.2491724758370115
-0.0032909357698189274,-0.00515358227230339,0.29914182117695576,-0.079900859763466,-0.12512418449341198,0.2491724758370115
-0.0032909357698189274,-0.00515358227230339,0.29914182117695576,-0.079900859763466,-0.12512418449341198,0.2491724758370115
-0.0032909357698189274,-0.00515358227230339,0.29914182117695576,-0.079900859763466,-0.12512418449341198,0.2491724758370115
-0.0032909357698189274,-0.00515358227230339,0.29914182117695576,-0.079900859763466,-0.12512418449341198,0.2491724758370115
-0.0032909357698189274,-0.00515358227230339,0.29914182117695576,-0.079900859763466,-0.12512418449341198,0.2491724758370115
-0.0032909357698189274,-0.00515358227230339,0.29914182117695576,-0.079900859763466,-0.12512418449341198,0.2491724758370115
-0.0032909357698189274,-0.00515358227230339,0.29914182117695576,-0.079900859763466,-0.12512418449341198,0.2491724758370115
-0.0032909357698189274,-0.00515358227230339,0.29914182117695576,-0.079900859763466,-0.12512418449341198,0.2491724758370115
-0.0032909357698189274,-0.00515358227230339,0.29914182117695576,-0.079900859763466,-0.12512418449341198,0.2491724758370115
-0.0032909357698189274,-0.00515358227230339,0.29914182117695576,-0.079900859763466,-0.12512418449341198,0.2491724758370115
-0.0032909357698189274,-0.00515358227230339,0.29914182117695576,-0.079900859763466,-0.12512418449341198,0.2491724758370115
-0.0032909357698189274,-0.00515358227230339,0.29914182117695576,-0.079900859763466,-0.12512418449341198,0.2491724758370115
-0.0032909357698189274,-0.00515358227230339,0.29914182117695576,-0.079900859763466,-0.12512418449341198,0.2491724758370115
-0.0032909357698189274,-0.00515358227230339,0.29914182117695576,-0.079900859763466,-0.12512418449341198,0.2491724758370115
-0.0032909357698189274,-0.00515358227230339,0.29914182117695576,-0.079900859763466,-0.12512418449341198,0.2491724758370115
-0.0032909357698189274,-0.00515358227230339,0.29914182117695576,-0.079900859763466,-0.12512418449341198,0.2491724758370115
-0.0032909357698189274,-0.00515358227230339,0.29914182117695576,-0.079900859763466,-0.12512418449341198,0.2491724758370115
-0.0032909357698189274,-0.00515358227230339,0.29914182117695576,-0.079900859763466,-0.12512418449341198,0.2491724758370115
-0.0032909357698189274,-0.00515358227230339,0.29914182117695576,-0.079900859763466,-0.12512418449341198,0.2491724758370115
-0.0032909357698189274,-0.00515358227230339,0.29914182117695576,-0.079900859763466,-0.12512418449341198,0.2491724758370115
-0.0032909357698189274,-0.00515358227230339,0.29914182117695576,-0.079900859763466,-0.12512418449341198,0.2491724758370115
-0.0032909357698189274,-0.00515358227230339,0.29914182117695576,-0.079900859763466,-0.12512418449341198,0.2491724758370115
-0.0032909357698189274,-0.00515358227230339,0.29914182117695576,-0.079900859763466,-0.12512418449341198,0.2491724758370115
-0.0032909357698189274,-0.00515358227230339,0.29914182117695576,-0.079900859763466,-0.12512418449341198,0.2491724758370115
-0.0032909357698189274,-0.00515358227230339,0.29914182117695576,-0.079900859763466,-0.12512418449341198,0.2491724758370115
-0.0032909357698189274,-0.00515358227230339,0.29914182117695576,-0.079900859763466,-0.12512418449341198,0.2491724758370115
