3.729655473350135e-17,-6.938893903907228e-18,0.31050900000000003,3.686287386450715e-17,-8.673617379884035e-18,0.31050900000000003
8.317752055934761e-07,-0.00022057646148832856,0.3105085974109629,-2.5821773079730964e-07,-4.167620040886055e-06,0.31050899964354794
3.3270603868695674e-06,-0.00044114128846314826,0.3105073896470652,-3.4591516203837103e-06,-3.29509413797089e-05,0.310508982322287
7.485734239610301e-06,-0.0006616828469690403,0.310505376717948,-1.4273040738385298e-05,-0.00010315551127587988,0.31050885051501
1.3307594596403526e-05,-0.0008821895041659158,0.3105025586396795,-3.490646915241865e-05,-0.00021942161701794458,0.3105083916311078
2.0792358436212948e-05,-0.001102649628886964,0.310498935434755,-6.362205180336991e-05,-0.0003775963094757584,0.310507340185981
2.9939661897724658e-05,-0.0013230515921965145,0.3104945071320967,-9.658628633140917e-05,-0.0005689742629449192,0.31050547093134157
4.0749060296491404e-05,-0.0015433837679473539,0.3104892737670536,-0.00013019519890578382,-0.0007835150237037406,0.3105026530613735
5.322002814589673e-05,-0.0017636345333380682,0.310483235381401,-0.00016224417755010632,-0.0010119577242564508,0.3104988511664746
6.735195918191814e-05,-0.0019837922694704285,0.3104763920233401,-0.00019192755618237418,-0.001246982998730245,0.31049409402291184
8.314416639172272e-05,-0.002203845361906695,0.31046874374749817,-0.00021929367325476592,-0.0014835836289619278,0.31048843704307694
0.00010059588204603233,-0.0024237822012260265,0.31046029061492747,-0.0002446898593215126,-0.001718877767503851,0.31048193403667007
0.00011970625773531597,-0.002643591183581359,0.3104510326931046,-0.0002684254083681883,-0.0019516279687932462,0.31047462267148535
0.00014047436440979468,-0.002863260711255918,0.31044097005593085,-0.0002906536012807215,-0.002181684343888322,0.3104665212428239
0.00016289919242322513,-0.003082779193219193,0.3104301027837308,-0.0003113858830376551,-0.002409490183499872,0.310457632119165
0.00018697965158048432,-0.00330213504568248,0.3104184309632518,-0.0003305537144940168,-0.002635713033743322,0.31044794769139716
0.00021271457118898166,-0.0035213166926548432,0.3104059546876636,-0.000348067450818443,-0.0028610107622816655,0.3104374560988573
0.0002401027001138335,-0.003740312566497891,0.3103926740565571,-0.00036385307850306855,-0.003085912027140982,0.31042614543283786
0.0002691427068368291,-0.0039591111084803995,0.3103785891759441,-0.0003778664314197525,-0.0033107786926382093,0.31041400613459186
0.0002998331795192174,-0.0041777007693327775,0.3103637001582557,-0.000390092049648425,-0.0035358177335517767,0.3104010318688753
0.0003321726260682536,-0.004396070009800969,0.31034800712234223,-0.0004005346817120741,-0.0037611163871409756,0.3103872193684698
0.0003661594742075422,-0.004614207301199755,0.3103315101934712,-0.0004092093834120814,-0.003986682583711248,0.3103725677413487
0.0004017920715511385,-0.00483210112596553,0.31031420950332766,-0.0004161335274270473,-0.00421248041925453,0.3103570776212951
0.0004390686856814681,-0.005049739978208895,0.3102961051900118,-0.0004213218766044701,-0.004438456381544734,0.3103407504019207
0.0004779875042309851,-0.0052671123642664755,0.3102771973980384,-0.0004247845127387864,-0.004664555911141888,0.31032358766798457
0.0005185466349676084,-0.005484206803252007,0.31025748627833594,-0.0004265267892149781,-0.004890731931574122,0.3103055908464007
0.0005607441058839344,-0.0057010118276072715,0.3102369719882447,-0.0004265503735543341,-0.005116947710527654,0.31028676104533537
0.000604577865290216,-0.005917515983652142,0.31021565469151574,-0.0004248546282423389,-0.005343176327418535,0.3102670990270494
0.000650045781911053,-0.006133707832133715,0.31019353455830995,-0.0004214378571667848,-0.005569398541197082,0.31024660525877684
0.0006971456449858813,-0.006349575948775209,0.31017061176519617,-0.0004162982029393813,-0.005795600264734125,0.3102252799963028
0.000745875164373265,-0.0065651089248245295,0.31014688649514954,-0.0004094341640564895,-0.006021770325095715,0.31020312336944045
0.0007962319706587714,-0.006780295367600856,0.31012235893755086,-0.0004008448022462599,-0.006247898794330549,0.3101801354524632
0.0008482136152667265,-0.00699512390104154,0.31009702928818395,-0.00039052974577538386,-0.006473975923361616,0.31015631631326956
0.0009018175705756749,-0.007209583166248135,0.3100708977492351,-0.000378489088205538,-0.006699991579574028,0.3101316660419968
0.0009570412300375338,-0.007423661822031236,0.31004396452929045,-0.0003647232562602534,-0.0069259350420850544,0.310106184763357
0.0010138819083004712,-0.007637348545454569,0.31001622984333493,-0.0003492328907949761,-0.007151795013603606,0.31007987263804043
0.001072336841335573,-0.007850632032378776,0.30998769391275044,-0.00033201876008348303,-0.0073775597373766395,0.3100527298580793
0.001132403186567091,-0.008063500998003275,0.30995835696531354,-0.0003130817079427333,-0.007603217143841223,0.31002475663989143
0.0011940780230065822,-0.008275944177408743,0.3099282192351941,-0.0002924226303347064,-0.007828754983991097,0.3099959532173987
0.0012573583513905175,-0.008487950326096842,0.3098972809629531,-0.00027004247107789963,-0.00805416093075872,0.30996631983646467
0.0013222410943217974,-0.00869950822053064,0.30986554239554076,-0.0002459422278794196,-0.008279422645316557,0.30993585675105606
0.0013887230964148363,-0.008910606658673097,0.3098330037862944,-0.00022012296211760575,-0.008504527813499927,0.3099045642210159
0.0014568011244443179,-0.009121234460524735,0.30979966539493675,-0.00019258580833831588,-0.008729464160649939,0.3098724425110902
0.0015264718674977578,-0.009331380468660905,0.30976552748757286,-0.00016333198155399787,-0.008954219453104168,0.3098394918907849
0.0015977319371315098,-0.009541033548766703,0.3097305903366893,-0.00013236278189101896,-0.009178781492948504,0.3098057126346799
0.00167057786753065,-0.0097501825901722,0.3096948542211506,-9.967959693906727e-05,-0.009403138110576127,0.30977110502292016
0.0017450061156724051,-0.009958816506385818,0.3096583194261977,-6.52839024713023e-05,-0.009627277157710428,0.3097356693417072
0.00182101306149321,-0.010166924235626627,0.30962098624344564,-2.9177262210240956e-05,-0.009851186502107654,0.3096994058836974
0.001898595008059445,-0.010374494741355699,0.30958285497088067,8.638672830031321e-06,-0.010074854024214607,0.3096623149482795
0.001977748181741819,-0.010581517012806232,0.3095439259128581,4.816216507994931e-05,-0.01029826761554082,0.30962439684173737
0.0020584687323933286,-0.010787980065512506,0.3095041993800999,8.939139104776998e-05,-0.010521415178298334,0.3095856518773216
0.002140752733530822,-0.010993872941837325,0.309463675689692,0.00013232444178706447,-0.010744284625846102,0.30954608037526316
0.0022245961825202334,-0.011199184711498753,0.30942235516508143,0.00017695932320545022,-0.010966863883557734,0.3095056826627527
0.0023099950007653843,-0.011403904472095272,0.30938023813607446,0.00022329395625338708,-0.01118914088984424,0.3094644590739056
0.002396945033900266,-0.011608021349629166,0.3093373249388328,0.0002713261770384166,-0.011411103597170142,0.3094224099497262
0.002485442051985138,-0.01181152449902985,0.3092936159158719,0.00032105373690338853,-0.01163273997298546,0.3093795356380782
0.00257548174970597,-0.012014403104674672,0.309249111416057,0.0003724743024955566,-0.011854038000551079,0.3093358364936617
0.0026670597465775383,-0.012216646380908726,0.3092038117946015,0.00042558545584199265,-0.01207498567966733,0.30929131287799905
0.0027601715871500895,-0.012418243572563478,0.3091577174130632,0.0004803846944380842,-0.012295571027328523,0.30924596515942515
0.0028548127412194708,-0.01261918395547362,0.30911082863934125,0.0005362324873251089,-0.012500933304774354,0.3092013822479612
0.0028420308610572365,-0.012346172860364116,0.30911688046671615,0.0005901728226387886,-0.012631498751860707,0.3091641068661144
0.0028272312693376662,-0.012073440583369708,0.3091223019536031,0.0006396152013014218,-0.012652971199035279,0.30913816983455983
0.0028104163601941515,-0.011801000396314307,0.30912709311010694,0.0006833585937375307,-0.012566277180517307,0.3091236529510566
0.002791588613753857,-0.011528865553300979,0.3091312539530129,0.0007213345840419143,-0.012391572948665417,0.3091183207593836
0.0027707505960116586,-0.011257049290147463,0.30913478450578635,0.0007541644142627186,-0.01215516695449046,0.30911915821889896
0.002747904958700381,-0.010985564823823322,0.30913768479857223,0.0007827509398309657,-0.011881531745668073,0.30912336724640255
0.002723054439157196,-0.010714425351887321,0.3091399548681952,0.0008079883693845355,-0.011589639860378576,0.3091288204256238
0.0026962018601862318,-0.010443644051926031,0.3091415947581587,0.0008306003664460965,-0.011292192163048678,0.30913413836716863
0.0026673501299175313,-0.010173234080993476,0.3091426045186449,0.0008510825427237535,-0.01099642633325729,0.3091385707297009
0.0026365022416621185,-0.009903208575051428,0.30914298420651376,0.0008697139907770828,-0.010705547791469674,0.30914181190933876
0.0026036612737635255,-0.009633580648411466,0.3091427338853021,0.0008866044329352732,-0.010420193129820341,0.3091438254956814
0.002568830389445334,-0.00936436339317703,0.309141853625224,0.000901751691111632,-0.010139631172163868,0.309144708757328
0.002532012836655141,-0.009095569878687312,0.3091403435031686,0.000915093750839284,-0.009862607696999176,0.3091446028284739
0.002493211947904881,-0.008827213150962255,0.3091382036026999,0.0009265479983814389,-0.009587855888577596,0.30914364191564375
0.002452431140107166,-0.008559306232147996,0.30913543401405585,0.0009360361311043844,-0.009314346935710422,0.30914193072670126
0.0024096739144081904,-0.008291862119964195,0.30913203483414703,0.0009434966965011671,-0.009041366503670318,0.30913953958380874
0.0023649438560168702,-0.008024893787152319,0.3091280061665556,0.0009488886717291664,-0.00876849196253934,0.3091365088372704
0.0023182446340301475,-0.007758414180924742,0.3091233481215342,0.0009521896060390501,-0.008495525704457045,0.3091328568162588
0.002269580001254799,-0.00749243622241564,0.3091180608160046,0.0009533912267262645,-0.008222419824855276,0.3091285878988035
0.002218953794025444,-0.007226972806132572,0.3091121443735563,0.0009518447003377894,-0.007954508627225668,0.30912352930589543
0.0021761288597122834,-0.007087495077241166,0.30910190768229984,0.000945586502205074,-0.0077110605764783985,0.3091170955552376
0.0021333127697296915,-0.006948046153697889,0.30909125020301315,0.0009345485110920735,-0.007499991378483294,0.30910911344692754
0.002090505880272382,-0.006808627195603281,0.3090801720243576,0.0009198634630360023,-0.007317989596518765,0.3090997581063191
0.0020477085474585165,-0.006669239362808563,0.30906867323849463,0.000902841984554874,-0.007157127516296467,0.3090893190375048
0.002004921127326729,-0.006529883814905955,0.3090567539410848,0.0008845565178834602,-0.007009100081290543,0.3090780705554933
0.0019621439758332163,-0.006390561711219151,0.3090444142312867,0.0008657412173435173,-0.006867283820710128,0.30906621861349254
0.0019193774488487345,-0.006251274210793608,0.3090316542117566,0.0008468253104438855,-0.006727302895476392,0.30905389270079986
0.0018766219021556637,-0.0061120224723869125,0.30901847398864735,0.000828011982067013,-0.0065867813380769465,0.3090411593876872
0.0018338776914450304,-0.005972807654459161,0.3090048736716078,0.0008093616762901701,-0.006444780803030972,0.30902804252599936
0.0017911451723135472,-0.005833630915163233,0.30899085337378107,0.0007908605107115692,-0.00630122264983087,0.30901454189718747
0.001748424700260671,-0.005694493412335293,0.3089764132118049,0.0007724670921885513,-0.006156433341509081,0.3090006469289609
0.0017057166306856347,-0.005555396303485059,0.30896155330580927,0.0007541389724301981,-0.006010848120456682,0.3089863450761935
0.0016630213188845008,-0.00541634074578622,0.3089462737794166,0.0007358439446132317,-0.005864852977556132,0.3089716259164957
0.001620339120047193,-0.005277327896066808,0.3089305747597398,0.000717562136970784,-0.005718724646841327,0.30895648242285273
0.0015776703892545316,-0.005138358910799503,0.3089144563773819,0.0006992837493621814,-0.005572628316445083,0.30894091071472435
0.0015350154814753065,-0.004999434946092103,0.30889791876643474,0.0006810055694915637,-0.005426641844678278,0.3089249092107358
0.0014923747515633201,-0.00486055715767789,0.30888096206447746,0.0006627278782647945,-0.005280786429242878,0.30890847772311114
0.0014497485542544137,-0.00472172670090598,0.30886358641257594,0.0006444523055567264,-0.0051350532403713085,0.30889161674055154
0.0014071372441635407,-0.004582944730731746,0.3088457919552814,0.0006261806223912909,-0.00498942220852382,0.3088743269613784
0.001364541175781777,-0.004444212401707127,0.30882757884062906,0.0006086012700063574,-0.004849347427491555,0.30885728331118506
0.001364541175781777,-0.004444212401707127,0.30882757884062906,0.0005942839128772848,-0.004735281336241622,0.3088431054047223
0.001364541175781777,-0.004444212401707127,0.30882757884062906,0.000584416928310595,-0.004656679607879105,0.30883317923001236
0.001364541175781777,-0.004444212401707127,0.30882757884062906,0.0005786828141562833,-0.004611006064110619,0.3088273524482099
0.001364541175781777,-0.004444212401707127,0.30882757884062906,0.0005760769323859332,-0.004590253646409585,0.30882469028657816
0.001364541175781777,-0.004444212401707127,0.30882757884062906,0.0005754736660328525,-0.004585453525279913,0.30882407272652324
0.001364541175781777,-0.004444212401707127,0.30882757884062906,0.0005759263511532775,-0.004589063699902715,0.3088245361782539
0.001364541175781777,-0.004444212401707127,0.30882757884062906,0.0005767716333976033,-0.004595799788839224,0.30882540085273863
0.001364541175781777,-0.004444212401707127,0.30882757884062906,0.00057761849383894,-0.004602547216373621,0.30882626620851195
0.001364541175781777,-0.004444212401707127,0.30882757884062906,0.0005782854118867942,-0.004607860384800586,0.30882694703418795
0.001364541175781777,-0.004444212401707127,0.30882757884062906,0.0005787266537108013,-0.0046113753381475334,0.30882739715874274
0.001364541175781777,-0.004444212401707127,0.30882757884062906,0.0005789691686654366,-0.004613307018898633,0.3088276444476016
0.001364541175781777,-0.004444212401707127,0.30882757884062906,0.0005790678424326201,-0.00461409280936039,0.3088277450416576
0.001364541175781777,-0.004444212401707127,0.30882757884062906,0.0005790787991504626,-0.004614179876967045,0.3088277562106251
0.001364541175781777,-0.004444212401707127,0.30882757884062906,0.0005790467636656851,-0.004613924529030882,0.3088277235533013
0.001364541175781777,-0.004444212401707127,0.30882757884062906,0.0005790016362851363,-0.004613564950891456,0.3088276775478188
0.001364541175781777,-0.004444212401707127,0.30882757884062906,0.00057896006790993,-0.004613233770306905,0.30882763516829226
0.001364541175781777,-0.004444212401707127,0.30882757884062906,0.0005789290165966392,-0.004612986399179625,0.30882760350961175
0.001364541175781777,-0.004444212401707127,0.30882757884062906,0.0005789094636859124,-0.004612830641236628,0.3088275835736188
0.001364541175781777,-0.004444212401707127,0.30882757884062906,0.0005788994111170531,-0.0046127505702965015,0.3088275733239222
0.001364541175781777,-0.004444212401707127,0.30882757884062906,0.0005788959061849971,-0.004612722659327216,0.30882756975024533
0.001364541175781777,-0.004444212401707127,0.30882757884062906,0.0005788961836129731,-0.00461272487728627,0.30882757003313827
0.001364541175781777,-0.004444212401707127,0.30882757884062906,0.000578898154892515,-0.004612740586165077,0.30882757204311223
0.001364541175781777,-0.004444212401707127,0.30882757884062906,0.0005789004907101854,-0.0046127591967347024,0.30882757442476455
0.001364541175781777,-0.004444212401707127,0.30882757884062906,0.0005789024971960344,-0.0046127751821402295,0.3088275764706135
0.001364541175781777,-0.004444212401707127,0.30882757884062906,0.0005789039230123215,-0.004612786540814878,0.3088275779243961
0.001364541175781777,-0.004444212401707127,0.30882757884062906,0.0005789047755409137,-0.004612793332058555,0.30882757879364353
0.001364541175781777,-0.004444212401707127,0.30882757884062906,0.0005789051804993117,-0.004612796557685553,0.30882757920654186
0.001364541175781777,-0.004444212401707127,0.30882757884062906,0.0005789052916321696,-0.0046127974426358395,0.3088275793198522
0.001364541175781777,-0.004444212401707127,0.30882757884062906,0.0005789052428765806,-0.004612797053957264,0.30882757927013904
0.001364541175781777,-0.004444212401707127,0.30882757884062906,0.0005789051304172742,-0.004612796157894342,0.3088275791554732
0.001364541175781777,-0.004444212401707127,0.30882757884062906,0.0005789050124231179,-0.004612795217819821,0.30882757903516445
0.001364541175781777,-0.004444212401707127,0.30882757884062906,0.0005789049170347059,-0.0046127944578850145,0.308827578937905
0.001364541175781777,-0.004444212401707127,0.30882757884062906,0.0005789048524721791,-0.004612793943551331,0.30882757887207635
0.001364541175781777,-0.004444212401707127,0.30882757884062906,0.0005789048159694629,-0.004612793652766631,0.3088275788348578
0.001364541175781777,-0.004444212401707127,0.30882757884062906,0.0005789048002587107,-0.0046127935276224444,0.30882757881883904
0.001364541175781777,-0.004444212401707127,0.30882757884062906,0.0005789047975360208,-0.004612793505944856,0.3088275788160631
0.001364541175781777,-0.004444212401707127,0.30882757884062906,0.0005789048014137993,-0.004612793536845981,0.308827578820017
0.001364541175781777,-0.004444212401707127,0.30882757884062906,0.0005789048075235141,-0.004612793585524272,0.3088275788262466
0.001364541175781777,-0.004444212401707127,0.30882757884062906,0.0005789048133643285,-0.004612793632057742,0.30882757883220197
0.001364541175781777,-0.004444212401707127,0.30882757884062906,0.0005789048178345255,-0.004612793667670536,0.3088275788367598
0.001364541175781777,-0.004444212401707127,0.30882757884062906,0.0005789048207158706,-0.004612793690624862,0.3088275788396977
0.001364541175781777,-0.004444212401707127,0.30882757884062906,0.0005789048222461632,-0.004612793702815615,0.30882757884125805
0.001364541175781777,-0.004444212401707127,0.30882757884062906,0.0005789048228238254,-0.004612793707417129,0.308827578841847
0.001364541175781777,-0.004444212401707127,0.30882757884062906,0.000578904822836737,-0.004612793707519616,0.30882757884186013
0.001364541175781777,-0.004444212401707127,0.30882757884062906,0.0005789048225851479,-0.004612793705515032,0.3088275788416036
0.001364541175781777,-0.004444212401707127,0.30882757884062906,0.0005789048222646365,-0.0046127937029614985,0.3088275788412769
0.001364541175781777,-0.004444212401707127,0.30882757884062906,0.0005789048219805551,-0.00461279370069825,0.3088275788409872
0.001364541175781777,-0.004444212401707127,0.30882757884062906,0.0005789048217739593,-0.004612793699052356,0.3088275788407765
0.001364541175781777,-0.004444212401707127,0.30882757884062906,0.000578904821647349,-0.004612793698043686,0.30882757884064743
0.001364541175781777,-0.004444212401707127,0.30882757884062906,0.0005789048215848187,-0.004612793697545532,0.30882757884058365
0.001364541175781777,-0.004444212401707127,0.30882757884062906,0.0005789048215653243,-0.00461279369739025,0.3088275788405638
0.001364541175781777,-0.004444212401707127,0.30882757884062906,0.0005789048215699396,-0.004612793697427018,0.30882757884056855
0.001364541175781777,-0.004444212401707127,0.30882757884062906,0.0005789048215847413,-0.004612793697544949,0.3088275788405836
0.001364541175781777,-0.004444212401707127,0.30882757884062906,0.0005789048216011082,-0.004612793697675343,0.3088275788406003
0.001364541175781777,-0.004444212401707127,0.30882757884062906,0.0005789048216147087,-0.004612793697783692,0.3088275788406141
0.001364541175781777,-0.004444212401707127,0.30882757884062906,0.0005789048216241243,-0.004612793697858712,0.30882757884062373
0.001364541175781777,-0.004444212401707127,0.30882757884062906,0.0005789048216295943,-0.004612793697902292,0.3088275788406294
0.001364541175781777,-0.004444212401707127,0.30882757884062906,0.000578904821632067,-0.0046127936979219845,0.3088275788406319
0.001364541175781777,-0.004444212401707127,0.30882757884062906,0.0005789048216326221,-0.004612793697926417,0.3088275788406324
0.001364541175781777,-0.004444212401707127,0.30882757884062906,0.0005789048216321723,-0.004612793697922833,0.308827578840632
0.001364541175781777,-0.004444212401707127,0.30882757884062906,0.0005789048216313525,-0.004612793697916293,0.30882757884063117
0.001364541175781777,-0.004444212401707127,0.30882757884062906,0.0005789048216305339,-0.004612793697909774,0.30882757884063033
0.001364541175781777,-0.004444212401707127,0.30882757884062906,0.0005789048216298907,-0.00461279369790466,0.3088275788406296
0.001364541175781777,-0.004444212401707127,0.30882757884062906,0.0005789048216294692,-0.004612793697901291,0.30882757884062917
0.001364541175781777,-0.004444212401707127,0.30882757884062906,0.0005789048216292374,-0.0046127936978994435,0.308827578840629
0.001364541175781777,-0.004444212401707127,0.30882757884062906,0.0005789048216291437,-0.004612793697898701,0.3088275788406289
0.001364541175781777,-0.004444212401707127,0.30882757884062906,0.0005789048216291342,-0.004612793697898625,0.30882757884062884
0.001364541175781777,-0.004444212401707127,0.30882757884062906,0.0005789048216291652,-0.004612793697898871,0.30882757884062884
0.001364541175781777,-0.004444212401707127,0.30882757884062906,0.0005789048216292096,-0.0046127936978992284,0.3088275788406289
0.001364541175781777,-0.004444212401707127,0.30882757884062906,0.0005789048216292504,-0.004612793697899551,0.308827578840629
0.001364541175781777,-0.004444212401707127,0.30882757884062906,0.0005789048216292812,-0.004612793697899787,0.308827578840629
0.001364541175781777,-0.004444212401707127,0.30882757884062906,0.0005789048216292988,-0.004612793697899936,0.308827578840629
0.001364541175781777,-0.004444212401707127,0.30882757884062906,0.0005789048216293096,-0.004612793697900009,0.30882757884062906
0.001364541175781777,-0.004444212401707127,0.30882757884062906,0.0005789048216293122,-0.0046127936979000386,0.30882757884062906
0.001364541175781777,-0.004444212401707127,0.30882757884062906,0.0005789048216293111,-0.00461279369790003,0.30882757884062906
0.001364541175781777,-0.004444212401707127,0.30882757884062906,0.0005789048216293094,-0.0046127936979000125,0.30882757884062906
0.001364541175781777,-0.004444212401707127,0.30882757884062906,0.0005789048216293077,-0.004612793697899999,0.30882757884062906
0.001364541175781777,-0.004444212401707127,0.30882757884062906,0.0005789048216293055,-0.004612793697899983,0.30882757884062906
0.001364541175781777,-0.004444212401707127,0.30882757884062906,0.0005789048216293033,-0.004612793697899971,0.30882757884062906
0.001364541175781777,-0.004444212401707127,0.30882757884062906,0.0005789048216293035,-0.004612793697899971,0.30882757884062906
0.001364541175781777,-0.004444212401707127,0.30882757884062906,0.0005789048216293031,-0.004612793697899967,0.30882757884062906
0.001364541175781777,-0.004444212401707127,0.30882757884062906,0.0005789048216293029,-0.004612793697899967,0.30882757884062906
0.001364541175781777,-0.004444212401707127,0.30882757884062906,0.0005789048216293029,-0.004612793697899967,0.30882757884062906
0.001364541175781777,-0.004444212401707127,0.30882757884062906,0.0005789048216293029,-0.004612793697899967,0.30882757884062906
0.001364541175781777,-0.004444212401707127,0.30882757884062906,0.0005789048216293029,-0.004612793697899967,0.30882757884062906
0.001364541175781777,-0.004444212401707127,0.30882757884062906,0.0005789048216293031,-0.004612793697899967,0.30882757884062906
0.001364541175781777,-0.004444212401707127,0.30882757884062906,0.0005789048216293031,-0.004612793697899967,0.30882757884062906
0.001364541175781777,-0.004444212401707127,0.30882757884062906,0.0005789048216293031,-0.004612793697899967,0.30882757884062906
0.001364541175781777,-0.004444212401707127,0.30882757884062906,0.0005789048216293031,-0.004612793697899967,0.30882757884062906
0.001364541175781777,-0.004444212401707127,0.30882757884062906,0.0005789048216293031,-0.004612793697899967,0.30882757884062906
0.001364541175781777,-0.004444212401707127,0.30882757884062906,0.0005789048216293031,-0.004612793697899967,0.30882757884062906
0.001364541175781777,-0.004444212401707127,0.30882757884062906,0.0005789048216293031,-0.004612793697899967,0.30882757884062906
0.001364541175781777,-0.004444212401707127,0.30882757884062906,0.0005789048216293031,-0.004612793697899967,0.30882757884062906
0.001364541175781777,-0.004444212401707127,0.30882757884062906,0.0005789048216293031,-0.004612793697899967,0.30882757884062906
0.001364541175781777,-0.004444212401707127,0.30882757884062906,0.0005789048216293031,-0.004612793697899967,0.30882757884062906
0.001364541175781777,-0.004444212401707127,0.30882757884062906,0.0005789048216293031,-0.004612793697899967,0.30882757884062906
0.001364541175781777,-0.004444212401707127,0.30882757884062906,0.0005789048216293031,-0.004612793697899967,0.30882757884062906
0.001364541175781777,-0.004444212401707127,0.30882757884062906,0.0005789048216293031,-0.004612793697899967,0.30882757884062906
0.001364541175781777,-0.004444212401707127,0.30882757884062906,0.0005789048216293031,-0.004612793697899967,0.30882757884062906
0.001364541175781777,-0.004444212401707127,0.30882757884062906,0.0005789048216293031,-0.004612793697899967,0.30882757884062906
0.001364541175781777,-0.004444212401707127,0.30882757884062906,0.0005789048216293031,-0.004612793697899967,0.30882757884062906
0.0018630928611221894,-0.006374103991418471,0.3088086882475552,0.0005847912898295394,-0.004681603023745276,0.30882782920743507
0.0023097723238258024,-0.008318698834740021,0.3087623986554049,0.0006182626559501484,-0.005083972995054621,0.3088280974359709
0.0027041523360154377,-0.010276510042185345,0.3086886852180614,0.0006832747585305921,-0.005955734207106536,0.30882376780652704
0.0030458481536209735,-0.012246038299478082,0.3085875312354923,0.0007615489099563333,-0.007277670595617434,0.3088058526515441
0.003334517888490478,-0.014225773131166797,0.3084589281640908,0.0008259757068181457,-0.008953528499731186,0.30876441716249003
0.003569862841775404,-0.016214194175585617,0.3083028756240659,0.0008528658810645607,-0.01086725604230757,0.3086921451080329
0.003751627798239909,-0.018209772469944242,0.3081193814038792,0.0008273887150742208,-0.012915732266007385,0.3085857558689239
0.003879601281183468,-0.02021097174432084,0.30790846146172524,0.0007431584103239092,-0.015022318052046336,0.3084453541738742
0.003953615767704704,-0.022216249723319835,0.3076701399240552,0.0005992338508178075,-0.017138131285355605,0.308272883020078
0.003973547864074577,-0.02422405943415053,0.30740444908114284,0.00039707414106249705,-0.019237044592142136,0.3080706917325443
0.0039393184410260965,-0.02623285051987358,0.3071114293796966,0.00013853260908249475,-0.021308669423572478,0.30784066357588596
0.0038508927288083638,-0.028241070556557536,0.30679112941251635,-0.00017505261018153483,-0.023351819457756384,0.3075839052793963
0.0037082803718925346,-0.030247166373083376,0.3064436059052028,-0.0005430283036167859,-0.025369548114774487,0.3073008081852234
0.003511535443257699,-0.03224958537233093,0.3060689236999203,-0.0009652421575300492,-0.027365950639863933,0.30699127529798964
0.0032607564182250987,-0.03424677685248015,0.30566715573622205,-0.0014417717574930111,-0.029344453199429917,0.3066549690684002
0.002956086107849508,-0.03623719332715882,0.30523838302894146,-0.0019727023111719786,-0.03130715048524609,0.30629150526116566
0.002597711551916823,-0.03821929184316962,0.304782694643161,-0.0025579955318150963,-0.033254769927652986,0.30590057097986606
0.002185863871637924,-0.04019153529453174,0.30430018766626515,-0.0031974413458535416,-0.03518693620028181,0.3054819750575529
0.0017208180821681376,-0.0421523937315742,0.30379096717708837,-0.003890664737074185,-0.037102521944535345,0.305035651247471
0.0012028928651229265,-0.04410034566382437,0.30325514621217053,-0.0046371591385165846,-0.038999967239272335,0.30456163565443295
0.0006324503012996455,-0.04603387935544091,0.30269284572913047,-0.0054363251782832715,-0.040877519577438716,0.30406003532333503
9.895563855330698e-06,-0.047951494111945756,0.3021041945671725,-0.006287502775622724,-0.04273338824981274,0.30353099874963596
-0.0006643234277699988,-0.0498517015570199,0.3014893294047407,-0.007189992195156595,-0.04456582784655451,0.30297469352363743
-0.0013897163928557972,-0.051733026898139495,0.30084839471433455,-0.008143064547236279,-0.04637317219510719,0.3023912923175687
-0.0021657511129616258,-0.05359401017983398,0.30018154271450614,-0.009145964529559566,-0.04815383872089632,0.3017809660968762
-0.0029918538936397425,-0.05543320752336635,0.29948893331905374,-0.010197908673406472,-0.04990631849497288,0.3011438824741519
-0.003867410063855288,-0.0572491923516462,0.29877073408343213,-0.011298081807083712,-0.051629161924082484,0.30048020706698964
-0.0047917645126322956,-0.05904055659820123,0.2980271201484,-0.01244563353153595,-0.05332096555551896,0.2997901061388201
-0.005764222262406134,-0.060805911899049055,0.29725827418092376,-0.013639675625603524,-0.054980362288413645,0.2990737493731237
-0.0067840490785266,-0.06254389076632863,0.29646438631236244,-0.014879280648931199,-0.056606015353610206,0.2983313121607827
-0.007850472114320049,-0.06425314774256848,0.29564565407395393,-0.01616348162539862,-0.05819661546388428,0.29756297717789426
-0.008962680591083093,-0.06593236053448909,0.2948022823296291,-0.0174912725239639,-0.05975088021618848,0.29676893527966286
-0.010119826512345345,-0.06758023112525594,0.2939344832061775,-0.018861609233516877,-0.06126755486594512,0.2959493858575506
-0.011321025411705925,-0.06919548686412373,0.29304247602079153,-0.02027341078420095,-0.06274541378801263,0.295104536839394
-0.01256535713351305,-0.0707768815324328,0.2921264872060155,-0.021725560648403086,-0.06418326216564839,0.2942346044930582
-0.013851866645624954,-0.07232319638494408,0.29118675023212875,-0.023216908029692375,-0.06557993764441838,0.2933398131527886
-0.015179564883457883,-0.07383324116552345,0.2902235055269915,-0.024746269103887955,-0.06693431183009205,0.29242039494304295
-0.016547429624495957,-0.07530585509621261,0.2892370003933823,-0.026312428210885908,-0.06824529159867915,0.29147658953753564
-0.017954406392407703,-0.07673990783874954,0.28822748892386096,-0.027914139012536986,-0.06951182023386397,0.2905086439652006
-0.01939940938988389,-0.07813430042763075,0.28719523191318563,-0.029550125636391884,-0.07073287842558106,0.2895168124594183
-0.020881322459284854,-0.0794879661738352,0.2861404967683194,-0.03121908382288977,-0.07190748516520301,0.28850135633985446
-0.022399000070155765,-0.08079987153836078,0.2850635574160592,-0.032919682088566646,-0.07303469856650541,0.2874625439148279
-0.02395126833264335,-0.08206901697475387,0.2839646942083213,-0.034650562912622286,-0.0741136166328314,0.28640065039373924
-0.025536926035821965,-0.08329443773984231,0.282844193825121,-0.03641034394992608,-0.07514337798272586,0.2853159578019338
-0.027154745709911537,-0.08447520467192018,0.28170234917527953,-0.03819761927065014,-0.0761231625400328,0.2842087548932537
-0.028803474711348406,-0.08561042493565671,0.2805394592948995,-0.04001096062505432,-0.07705219219025554,0.28307933705789806
-0.030481836329645042,-0.08669924273304443,0.2793558292436439,-0.041848918731216114,-0.07792973140257933,0.28192800622484143
-0.032188530914957006,-0.08774083997972978,0.2781517699988596,-0.0437100245833328,-0.07875508781585049,0.28075507075903233
-0.03392223702525168,-0.08873443694610686,0.27692759834758435,-0.04559279077836296,-0.07952761278652584,0.27956084535403386
-0.03568161259195754,-0.08967929286259149,0.2756836367764773,-0.04749571285901166,-0.08024670189677259,0.27834565092087704
-0.037465296102953065,-0.09057470648852706,0.27442021335971706,-0.04941727067130431,-0.08091179542125171,0.27710981447380634
-0.039271907801738774,-0.09142001664421145,0.27313766164490616,-0.05135592973517214,-0.08152237875149415,0.2758536690134378
-0.04110005090161969,-0.09221460270557229,0.2718363205370263,-0.053310142626598105,-0.08207798277711216,0.27457755340767454
-0.04294831281371276,-0.09295788506105408,0.27051653418048993,-0.055278350369930895,-0.08257818422333645,0.27328181227058973
-0.044815266387579225,-0.09364932553032024,0.2691786518393292,-0.057258983839005004,-0.08302260594454787,0.2719667958393794
-0.04669947116327143,-0.09428842774441142,0.26782302777556916,-0.059250465165702516,-0.08341091717358738,0.2706328598494346
-0.04859947463357292,-0.0948747374870398,0.26645002112583205,-0.06125120915458514,-0.0837428337267013,0.26928036540754763
-0.05051381351520061,-0.09540784299673873,0.2650599957762169,-0.06325962470220772,-0.08401811816402929,0.26790967886326145
-0.052441015027732296,-0.09588737522962738,0.26365332023550325,-0.06527411621971406,-0.08423657990557706,0.2665211716783759
-0.05437959817901226,-0.09631300808258787,0.2622303675067258,-0.0672930850573052,-0.08439807530265032,0.26511522029462975
-0.05632807505578754,-0.09668445857669511,0.26079151495716946,-0.06931493092916124,-0.08450250766475718,0.2636922059995942
-0.05828495211831843,-0.09700148700077632,0.259337144186832,-0.07133805333739965,-0.08454982724202491,0.26225251479081446
-0.06024873149770746,-0.09726389701502056,0.2578676408954055,-0.07336085299364854,-0.08454003116321324,0.2607965372382527
-0.06221791229468833,-0.09747153571459564,0.25638339474782706,-0.07538173323682149,-0.084473163329451,0.25932466834507734
-0.0641909918786165,-0.09762429365327434,0.25488479923844654,-0.07739910144567956,-0.08434931426386487,0.25783730740686184
-0.06616646718540375,-0.09772210482710618,0.2533722515538658,-0.0794113704447798,-0.08416862091731449,0.2563348578692417
-0.06814283601314311,-0.09776494661821707,0.25184615243449965,-0.08141695990241188,-0.08393126643049474,0.2548177271840931
-0.07011859831417201,-0.09775283969885507,0.2503069060349103,-0.08341429771914073,-0.08363747985271064,0.25328632666428436
-0.07209225748232836,-0.09768584789584223,0.24875491978296907,-0.08540182140557927,-0.08328753581767546,0.251741071337063
-0.07406232163416127,-0.09756407801563159,0.24719060423789666,-0.08737797944803219,-0.08288175417672838,0.25018237979613045
-0.07602730488286168,-0.09738767963020777,0.24561437294723784,-0.08934123266066349,-0.08242049958991064,0.24861067405246653
-0.07798572860369349,-0.09715684482410922,0.2440266423028223,-0.09129005552286006,-0.08190418107538452,0.24702637938395677
-0.07993612268970982,-0.09687180790288819,0.24242783139576649,-0.09322293750047438,-0.08133325151772051,0.24542992418388412
-0.08187702679655479,-0.0965328450633636,0.24081836187057257,-0.09513838434965621,-0.08070820713562092,0.24382173980834085
-0.08380699157516064,-0.09614027402606022,0.23919865777837654,-0.09703491940199405,-0.08002958690969043,0.2422022604226213
-0.0857245798911672,-0.09569445363026387,0.23756914542940377,-0.09891108482971767,-0.07929797197090312,0.24057192284665194
-0.08762836802990187,-0.09519578339216127,0.2359302532446851,-0.10076544288972587,-0.07851398495045657,0.238931166399522
-0.08951694688577898,-0.09464470302656816,0.2342824116070912,-0.10259657714523723,-0.0776782892917432,0.23728043274317
-0.09138892313499021,-0.09404169193278646,0.23262605271174014,-0.10433667086123279,-0.07683572862885553,0.23565657539217105
-0.09144115102786088,-0.09409543585757685,0.23209710439083758,-0.10574266682653519,-0.07615319940332202,0.23420442149749193
-0.09148949250582697,-0.09414518055553928,0.23156739592860212,-0.10671382180486341,-0.07571110935571516,0.23300528403553145
-0.0915339422036324,-0.09419092050567911,0.23103698611557316,-0.10729184628701499,-0.07549300779247582,0.2320554869238141
-0.09157449518795645,-0.0942326506314748,0.2305059338201307,-0.1075777327894881,-0.07543749630246063,0.23130595888528244
-0.09161114695796145,-0.09427036630144182,0.22997429798196178,-0.1076787484005629,-0.07547658771185915,0.2306940819721445
-0.09164389344579218,-0.09430406332964633,0.22944213760551854,-0.10768238316040994,-0.07555588829787202,0.2301627736041531
-0.0916727310170274,-0.0943337379761698,0.22890951175347032,-0.10764845554165478,-0.07564044500055908,0.22966880415210783
-0.09169765647108316,-0.09435938694752416,0.22837647954014753,-0.10761131631123083,-0.07571250154270538,0.22918407991414805
-0.09171866704156822,-0.09438100739701748,0.22784310012498155,-0.10758628925555706,-0.07576626259901852,0.2286932694441927
-0.09173576039659083,-0.09439859692506958,0.22730943270593842,-0.107576711999337,-0.07580267143081884,0.22819015677857313
-0.09174893463901772,-0.09441215357947864,0.22677553651294868,-0.1075797440290058,-0.07582547554896292,0.22767411178566815
-0.0917581883066845,-0.0944216758556377,0.22624147080133383,-0.10759035313612732,-0.07583880394962865,0.22714731193785534
-0.09176352037255814,-0.0944271626967017,0.22570729484522964,-0.10760360367995402,-0.07584598806270929,0.22661286696100502
-0.09176493024485081,-0.09442861349370492,0.22517306793100747,-0.10761567377855852,-0.07584921556148988,0.22607374065041547
-0.09176241776708552,-0.09442602808562825,0.2246388493506944,-0.1076240740571981,-0.07584964038027327,0.22553226351855812
-0.09175598321811367,-0.09441940675941739,0.22410469839539243,-0.10762745716851452,-0.07584767400943718,0.22499002261690634
-0.09174562731208397,-0.09440875024995077,0.2235706743486984,-0.10762528377073749,-0.07584329164487942,0.22444795308491078
-0.09173135119836313,-0.09439405973995811,0.2230368364801237,-0.10761749640086839,-0.07583627401500403,0.22390650837858903
-0.09171315646140848,-0.09437533685988918,0.2225032440385166,-0.10760426788344132,-0.07582636363165265,0.22336583509284802
-0.09169104512059191,-0.09435258368773261,0.22196995624548613,-0.10758662745278111,-0.07581390182389686,0.2228461954442421
-0.09169104512059191,-0.09435258368773261,0.22196995624548613,-0.10756880798184325,-0.07580157218551872,0.2224233061769944
-0.09169104512059191,-0.09435258368773261,0.22196995624548613,-0.10755471617530481,-0.07579193439120042,0.22213206604944086
-0.09169104512059191,-0.09435258368773261,0.22196995624548613,-0.10754581114504758,-0.07578591483137735,0.221962942603189
-0.09169104512059191,-0.09435258368773261,0.22196995624548613,-0.10754154344847541,-0.07578308874892727,0.22188617983811376
-0.09169104512059191,-0.09435258368773261,0.22196995624548613,-0.10754047236918997,-0.07578244076198919,0.22186850541234135
-0.09169104512059191,-0.09435258368773261,0.22196995624548613,-0.10754113681319497,-0.07578295803687123,0.22188196252926295
-0.09169104512059191,-0.09435258368773261,0.22196995624548613,-0.10754245530163982,-0.0757838990837943,0.22190697260371434
-0.09169104512059191,-0.09435258368773261,0.22196995624548613,-0.10754378683021348,-0.07578482988195429,0.221932001421482
-0.09169104512059191,-0.09435258368773261,0.22196995624548613,-0.10754483755040922,-0.07578555572992327,0.22195169964850725
-0.09169104512059191,-0.09435258368773261,0.22196995624548613,-0.10754553454737918,-0.07578603242185442,0.22196472497470568
-0.09169104512059191,-0.09435258368773261,0.22196995624548613,-0.10754592011176473,-0.07578629297140144,0.22197187866769974
-0.09169104512059191,-0.09435258368773261,0.22196995624548613,-0.1075460798533942,-0.07578639840477619,0.22197478466895873
-0.09169104512059191,-0.09435258368773261,0.22196995624548613,-0.10754610116785647,-0.075786409715066,0.22197510182696925
-0.09169104512059191,-0.09435258368773261,0.22196995624548613,-0.10754605386409842,-0.0757863750539786,0.2219741513022679
-0.09169104512059191,-0.09435258368773261,0.22196995624548613,-0.10754598486979618,-0.07578632648239535,0.2219728159026564
-0.09169104512059191,-0.09435258368773261,0.22196995624548613,-0.1075459205558896,-0.07578628181810108,0.22197158693517569
-0.09169104512059191,-0.09435258368773261,0.22196995624548613,-0.10754587214694485,-0.07578624848802441,0.22197066943654256
-0.09169104512059191,-0.09435258368773261,0.22196995624548613,-0.10754584144787069,-0.07578622751777302,0.22197009201374998
-0.09169104512059191,-0.09435258368773261,0.22196995624548613,-0.10754582551051728,-0.07578621674589976,0.22196979539093203
-0.09169104512059191,-0.09435258368773261,0.22196995624548613,-0.10754581981425262,-0.07578621299504082,0.2219696921986805
-0.09169104512059191,-0.09435258368773261,0.22196995624548613,-0.10754582007667138,-0.07578621329541455,0.22196970068052302
-0.09169104512059191,-0.09435258368773261,0.22196995624548613,-0.10754582304139214,-0.07578621540732777,0.22196975911981282
-0.09169104512059191,-0.09435258368773261,0.22196995624548613,-0.10754582662329937,-0.0757862179072085,0.22196982825275785
-0.09169104512059191,-0.09435258368773261,0.22196995624548613,-0.10754582972524818,-0.07578622005317265,0.22196988759794348
-0.09169104512059191,-0.09435258368773261,0.22196995624548613,-0.10754583194196027,-0.075786221577271,0.22196992974882465
-0.09169104512059191,-0.09435258368773261,0.22196995624548613,-0.10754583327505503,-0.07578622248816175,0.2219699549393445
-0.09169104512059191,-0.09435258368773261,0.22196995624548613,-0.10754583391416443,-0.07578622292072619,0.221969966895259
-0.09169104512059191,-0.09435258368773261,0.22196995624548613,-0.10754583409542072,-0.07578622303950532,0.2219699701663014
-0.09169104512059191,-0.09435258368773261,0.22196995624548613,-0.1075458340260077,-0.07578622298765868,0.22196996871378655
-0.09169104512059191,-0.09435258368773261,0.22196995624548613,-0.10754583385541895,-0.07578622286789131,0.22196996538140593
-0.09169104512059191,-0.09435258368773261,0.22196995624548613,-0.10754583367448337,-0.0757862227422549,0.22196996188828533
-0.09169104512059191,-0.09435258368773261,0.22196995624548613,-0.10754583352745446,-0.07578622264073169,0.22196995906561343
-0.09169104512059191,-0.09435258368773261,0.22196995624548613,-0.10754583342756467,-0.07578622257205425,0.2219699571557062
-0.09169104512059191,-0.09435258368773261,0.22196995624548613,-0.10754583337085731,-0.07578622253325151,0.22196995607622869
-0.09169104512059191,-0.09435258368773261,0.22196995624548613,-0.10754583334626529,-0.07578622251656789,0.22196995561191346
-0.09169104512059191,-0.09435258368773261,0.22196995624548613,-0.10754583334179724,-0.07578622251368822,0.2219699555317816
-0.09169104512059191,-0.09435258368773261,0.22196995624548613,-0.1075458333475983,-0.07578622251781429,0.22196995564683067
-0.09169104512059191,-0.09435258368773261,0.22196995624548613,-0.10754583335691073,-0.07578622252430206,0.22196995582782375
-0.09169104512059191,-0.09435258368773261,0.22196995624548613,-0.10754583336585541,-0.07578622253049673,0.22196995600078934
-0.09169104512059191,-0.09435258368773261,0.22196995624548613,-0.10754583337271585,-0.07578622253523186,0.22196995613314946
-0.09169104512059191,-0.09435258368773261,0.22196995624548613,-0.10754583337714346,-0.07578622253827921,0.2219699562184614
-0.09169104512059191,-0.09435258368773261,0.22196995624548613,-0.10754583337949751,-0.07578622253989376,0.22196995626377167
-0.09169104512059191,-0.09435258368773261,0.22196995624548613,-0.10754583338038803,-0.0757862225404999,0.22196995628087685
-0.09169104512059191,-0.09435258368773261,0.22196995624548613,-0.10754583338041068,-0.07578622254050953,0.22196995628125982
-0.09169104512059191,-0.09435258368773261,0.22196995624548613,-0.10754583338002668,-0.07578622254024094,0.2219699562738094
-0.09169104512059191,-0.09435258368773261,0.22196995624548613,-0.10754583337953677,-0.07578622253990092,0.22196995626431654
-0.09169104512059191,-0.09435258368773261,0.22196995624548613,-0.10754583337910273,-0.07578622253960055,0.22196995625590096
-0.09169104512059191,-0.09435258368773261,0.22196995624548613,-0.10754583337878754,-0.07578622253938283,0.22196995624977917
-0.09169104512059191,-0.09435258368773261,0.22196995624548613,-0.10754583337859477,-0.07578622253924992,0.221969956246026
-0.09169104512059191,-0.09435258368773261,0.22196995624548613,-0.10754583337850003,-0.0757862225391847,0.22196995624417112
-0.09169104512059191,-0.09435258368773261,0.22196995624548613,-0.1075458333784709,-0.07578622253916481,0.22196995624359167
-0.09169104512059191,-0.09435258368773261,0.22196995624548613,-0.10754583337847837,-0.07578622253917014,0.22196995624372692
-0.09169104512059191,-0.09435258368773261,0.22196995624548613,-0.10754583337850122,-0.07578622253918602,0.22196995624416477
-0.09169104512059191,-0.09435258368773261,0.22196995624548613,-0.10754583337852627,-0.07578622253920342,0.22196995624464938
-0.09169104512059191,-0.09435258368773261,0.22196995624548613,-0.10754583337854702,-0.07578622253921777,0.22196995624505242
-0.09169104512059191,-0.09435258368773261,0.22196995624548613,-0.10754583337856131,-0.07578622253922761,0.2219699562453316
-0.09169104512059191,-0.09435258368773261,0.22196995624548613,-0.10754583337856954,-0.07578622253923331,0.221969956245494
-0.09169104512059191,-0.09435258368773261,0.22196995624548613,-0.10754583337857314,-0.07578622253923581,0.22196995624556762
-0.09169104512059191,-0.09435258368773261,0.22196995624548613,-0.10754583337857397,-0.07578622253923632,0.2219699562455843
-0.09169104512059191,-0.09435258368773261,0.22196995624548613,-0.10754583337857321,-0.0757862225392358,0.22196995624557112
-0.09169104512059191,-0.09435258368773261,0.22196995624548613,-0.10754583337857192,-0.07578622253923491,0.22196995624554688
-0.09169104512059191,-0.09435258368773261,0.22196995624548613,-0.10754583337857065,-0.07578622253923409,0.22196995624552268
-0.09169104512059191,-0.09435258368773261,0.22196995624548613,-0.1075458333785697,-0.0757862225392334,0.22196995624550367
-0.09169104512059191,-0.09435258368773261,0.22196995624548613,-0.10754583337856909,-0.07578622253923299,0.22196995624549107
-0.09169104512059191,-0.09435258368773261,0.22196995624548613,-0.10754583337856874,-0.07578622253923273,0.22196995624548418
-0.09169104512059191,-0.09435258368773261,0.22196995624548613,-0.1075458333785686,-0.07578622253923263,0.22196995624548138
-0.09169104512059191,-0.09435258368773261,0.22196995624548613,-0.1075458333785686,-0.07578622253923264,0.22196995624548108
-0.09169104512059191,-0.09435258368773261,0.22196995624548613,-0.10754583337856863,-0.07578622253923266,0.22196995624548196
-0.09169104512059191,-0.09435258368773261,0.22196995624548613,-0.1075458333785687,-0.07578622253923273,0.22196995624548327
-0.09169104512059191,-0.09435258368773261,0.22196995624548613,-0.1075458333785688,-0.07578622253923276,0.2219699562454845
-0.09169104512059191,-0.09435258368773261,0.22196995624548613,-0.10754583337856881,-0.07578622253923278,0.22196995624548538
-0.09169104512059191,-0.09435258368773261,0.22196995624548613,-0.10754583337856881,-0.0757862225392328,0.22196995624548596
-0.09169104512059191,-0.09435258368773261,0.22196995624548613,-0.10754583337856884,-0.07578622253923281,0.22196995624548624
-0.09169104512059191,-0.09435258368773261,0.22196995624548613,-0.10754583337856886,-0.07578622253923283,0.22196995624548638
-0.09169104512059191,-0.09435258368773261,0.22196995624548613,-0.10754583337856884,-0.07578622253923283,0.22196995624548632
-0.09169104512059191,-0.09435258368773261,0.22196995624548613,-0.10754583337856882,-0.07578622253923283,0.22196995624548627
-0.09169104512059191,-0.09435258368773261,0.22196995624548613,-0.10754583337856884,-0.07578622253923281,0.22196995624548618
-0.09169104512059191,-0.09435258368773261,0.22196995624548613,-0.10754583337856882,-0.07578622253923281,0.22196995624548613
-0.09169104512059191,-0.09435258368773261,0.22196995624548613,-0.10754583337856884,-0.07578622253923283,0.2219699562454861
-0.09169104512059191,-0.09435258368773261,0.22196995624548613,-0.10754583337856884,-0.07578622253923281,0.2219699562454861
-0.09169104512059191,-0.09435258368773261,0.22196995624548613,-0.10754583337856882,-0.07578622253923281,0.22196995624548604
-0.09169104512059191,-0.09435258368773261,0.22196995624548613,-0.10754583337856882,-0.07578622253923281,0.22196995624548604
-0.09169104512059191,-0.09435258368773261,0.22196995624548613,-0.10754583337856882,-0.07578622253923281,0.22196995624548604
-0.09169104512059191,-0.09435258368773261,0.22196995624548613,-0.10754583337856882,-0.07578622253923281,0.22196995624548604
-0.09169104512059191,-0.09435258368773261,0.22196995624548613,-0.10754583337856884,-0.07578622253923283,0.22196995624548607
-0.09169104512059191,-0.09435258368773261,0.22196995624548613,-0.10754583337856884,-0.07578622253923281,0.2219699562454861
-0.09169104512059191,-0.09435258368773261,0.22196995624548613,-0.10754583337856884,-0.07578622253923281,0.2219699562454861
-0.09169104512059191,-0.09435258368773261,0.22196995624548613,-0.10754583337856884,-0.07578622253923281,0.2219699562454861
-0.09169104512059191,-0.09435258368773261,0.22196995624548613,-0.10754583337856884,-0.07578622253923281,0.2219699562454861
-0.09169104512059191,-0.09435258368773261,0.22196995624548613,-0.10754583337856884,-0.07578622253923281,0.2219699562454861
-0.09169104512059191,-0.09435258368773261,0.22196995624548613,-0.10754583337856884,-0.07578622253923281,0.2219699562454861
-0.09169104512059191,-0.09435258368773261,0.22196995624548613,-0.10754583337856884,-0.07578622253923281,0.2219699562454861
-0.09169104512059191,-0.09435258368773261,0.22196995624548613,-0.10754583337856884,-0.07578622253923281,0.2219699562454861
-0.09169104512059191,-0.09435258368773261,0.22196995624548613,-0.10754583337856884,-0.07578622253923281,0.2219699562454861
-0.09169104512059191,-0.09435258368773261,0.22196995624548613,-0.10754583337856884,-0.07578622253923281,0.2219699562454861
-0.09169104512059191,-0.09435258368773261,0.22196995624548613,-0.10754583337856884,-0.07578622253923281,0.2219699562454861
-0.09169104512059191,-0.09435258368773261,0.22196995624548613,-0.10754583337856884,-0.07578622253923281,0.2219699562454861
-0.09169104512059191,-0.09435258368773261,0.22196995624548613,-0.10754583337856884,-0.07578622253923281,0.2219699562454861
-0.09169104512059191,-0.09435258368773261,0.22196995624548613,-0.10754583337856884,-0.07578622253923281,0.2219699562454861
-0.09169104512059191,-0.09435258368773261,0.22196995624548613,-0.10754583337856884,-0.07578622253923281,0.2219699562454861
-0.09169104512059191,-0.09435258368773261,0.22196995624548613,-0.10754583337856884,-0.07578622253923281,0.2219699562454861
-0.093000326030786,-0.09523846962830389,0.22129220752402853,-0.1076073165235729,-0.07581273369544952,0.22193876279449398
-0.09430916783873454,-0.09611322591936097,0.22059965568203183,-0.10795371783470242,-0.07596174200658834,0.22176557490669277
-0.09561741156670359,-0.09697677121188092,0.21989237013807728,-0.10867594926717668,-0.07627054842030041,0.22140768488226054
-0.09692489785136985,-0.09782902584720123,0.21917042167924394,-0.1097344954133256,-0.07671863456535974,0.2208840032636649
-0.09823146696559334,-0.09866991186603126,0.21843388245478274,-0.11103614180459097,-0.07726227478745276,0.22023711734823118
-0.099536958840268,-0.09949935301721315,0.21768282596966396,-0.11248350701893768,-0.07785724555833685,0.2195110100278384
-0.10084121308624744,-0.10031727476623115,0.21691732707799832,-0.11399910185006304,-0.07846948400486628,0.21874058711282093
-0.10214406901634196,-0.10112360430346895,0.21613746197633307,-0.11553186782591277,-0.07907741166155544,0.21794874980630835
-0.10344536566738316,-0.10191827055221357,0.21534330819682285,-0.11705416865474118,-0.079669959631179,0.21714764164723718
-0.1047449418223548,-0.10270120417640355,0.2145349446002765,-0.11855512599496297,-0.08024320818110048,0.21634163695775432
-0.10604263603258537,-0.10347233758812302,0.21371245136907965,-0.12003381826911015,-0.0807972431061417,0.21553050854676034
-0.10733828663999927,-0.10423160495483817,0.21287590999999523,-0.12149396315206801,-0.08133385550316063,0.2147119661059366
-0.10863173179942413,-0.10497894220637657,0.21202540329684072,-0.12294047518005792,-0.08185514755998868,0.21388331563444318
-0.109922809500951,-0.10571428704164773,0.21116101536304402,-0.12437764790259961,-0.0823628563664196,0.21304232366935866
-0.11121135759234298,-0.10643757893510493,0.21028283159407873,-0.12580847881667642,-0.08285814662702083,0.2121875108536761
-0.11249721380149183,-0.1071487591429464,0.2093909386697777,-0.1272346610274849,-0.08334165520674801,0.2113181126931381
-0.11378021575891545,-0.1078477707090557,0.20848542454652877,-0.12865687626237357,-0.08381363461320582,0.21043389540817425
-0.11506020102029749,-0.10853455847068097,0.20756637844934991,-0.1300751565820809,-0.08427410583839398,0.20953494752543722
-0.1163370070890618,-0.10920906906385089,0.20663389086384693,-0.1314891946453668,-0.08472297939987292,0.20862150861627674
-0.11761047143898148,-0.10987125092852817,0.20568805352805336,-0.1328985602653706,-0.08516013414193825,0.20769385497099718
-0.11888043153681757,-0.11052105431349987,0.20472895942415367,-0.13430282560749224,-0.08558545919022123,0.20675223818577634
-0.12014672486498515,-0.111158431281002,0.20375670277009014,-0.13570162088515872,-0.08599887007542523,0.20579686255427854
-0.121409188944243,-0.11178333571108064,0.20277137901105494,-0.1370946461935311,-0.08640030988999864,0.20482788574309205
-0.12266766135640347,-0.11239572330568748,0.2017730848108667,-0.13848166097949996,-0.08678974371250936,0.20384543015782863
-0.12392197976706056,-0.1129955515925085,0.20076191804323484,-0.13986246588892692,-0.08716715145017784,0.20284959667224542
-0.12517198194833104,-0.11358277992852774,0.19973797778290953,-0.1412368853402966,-0.08753252169731707,0.20184047629636667
-0.126417505801607,-0.1141573695033238,0.1987013642967195,-0.14260475440318476,-0.0878858474889817,0.2008181581956097
-0.127658389380316,-0.11471928334209917,0.19765217903449975,-0.14396591060423658,-0.08822712387861893,0.1997827341593416
-0.12889447091268494,-0.11526848630844189,0.19659052461990761,-0.14532018981588893,-0.08855634687534437,0.19873430038059353
-0.13012558882450537,-0.11580494510682084,0.19551650484112898,-0.14666742491782506,-0.08887351321735937,0.19767295756662173
-0.13135158176189696,-0.11632862828481154,0.19443022464147663,-0.14800744601147825,-0.08917862055717145,0.19659881023965678
-0.1325722886140646,-0.11683950623505454,0.1933317901098799,-0.1493400812867128,-0.08947166777809201,0.1955119658152872
-0.13378754853604724,-0.11733755119694618,0.1922213084712665,-0.1506651579882881,-0.08975265529027844,0.19441253378435452
-0.1349972009714553,-0.11782273725805957,0.19109888807683964,-0.15198250321193726,-0.09002158524618752,0.19330062512740318
-0.13620108567519149,-0.11829504035529796,0.18996463839424832,-0.15329194444799715,-0.09027846166900298,0.1921763519691645
-0.13739904273615447,-0.11875443827577954,0.18881866999765387,-0.15459330989350328,-0.0905232905121589,0.19103982742193495
-0.1385909125999196,-0.11920091065745317,0.1876610945576924,-0.1558864285949922,-0.09075607967423478,0.18989116555089827
-0.13977653609139543,-0.11963443898944567,0.18649202483133517,-0.15717113048852716,-0.09097683899027982,0.1887304814022606
-0.14095575443745167,-0.12005500661214125,0.18531157465164622,-0.1584472463901808,-0.09118558021416595,0.18755789105215778
-0.14212840928951548,-0.12046259871699155,0.18411985891743998,-0.15971460797208317,-0.09138231700028152,0.18637351165185564
-0.14329434274613292,-0.12085720234605805,0.1829169935828386,-0.1609730477430233,-0.09156706488818422,0.18517746145853786
-0.14445339737549245,-0.1212388063912865,0.18170309564673023,-0.16222239904102215,-0.09173984129095278,0.1839698598498746
-0.1456054162379072,-0.1216074015935127,0.18047828314212958,-0.1634624960384375,-0.09190066548657665,0.1827508273251461
-0.14675024290825303,-0.1219629805412017,0.17924267512544087,-0.16469317375695694,-0.09204955861128714,0.18152048549722613
-0.14788772149835724,-0.1223055376689188,0.1779963916656255,-0.1659142680890136,-0.09218654365382153,0.18027895707947753
-0.14901769667933878,-0.1226350692555344,0.17673955383327378,-0.1671256158225805,-0.09231164544989282,0.17902636587058515
-0.1501400137038926,-0.12295157342216104,0.1754722836895829,-0.1683270546671842,-0.09242489067644089,0.1777628367391908
-0.15125451842851584,-0.12325505012982602,0.1741947042752426,-0.16951842327986963,-0.09252630784547008,0.17648849560922697
-0.15236105733567573,-0.12354550117687632,0.17290693959922715,-0.17069956129053263,-0.09261592729742635,0.1752034694461972
-0.1534594775559116,-0.12382293019611953,0.17160911462749753,-0.17187030932647787,-0.0926937811941395,0.17390788624428147
-0.1545496268898705,-0.12408734265170017,0.17030135527161294,-0.17303050903628536,-0.09275990351138279,0.1726018750140113
-0.15563135383027282,-0.12433874583571063,0.16898378837725375,-0.17418000311315357,-0.09281433003109618,0.17128556577023998
-0.15670450758380416,-0.12457714886453965,0.16765654171265626,-0.17531863531788172,-0.09285709833331224,0.1699590895201958
-0.1577689380929304,-0.12480256267495778,0.16631974395696056,-0.176446250501617,-0.09288824778780343,0.16862257825147733
-0.1588244960576338,-0.1250150000199398,0.1649735246884726,-0.1775626946284423,-0.0929078195454637,0.16727616491991829
-0.1598710329570655,-0.1252144754642266,0.1636180143728409,-0.17866781479784458,-0.09291585652942695,0.16591998343729444
-0.16090840107111193,-0.12540100537962603,0.16225334435115082,-0.17976145926707246,-0.09291240342592243,0.16455416865887673
-0.16193645350187236,-0.12557460794005273,0.16087964682793593,-0.18084347747338161,-0.09289750667486671,0.16317885637084373
-0.1629550441950446,-0.12573530311631081,0.15949705485910565,-0.18191372005615364,-0.09287121446019148,0.16179418327757458
-0.16396402796121365,-0.12588311267061644,0.15810570233979654,-0.1829720388788794,-0.09283357669990591,0.16040028698883663
-0.16496326049704366,-0.1260180601508641,0.15670572399214017,-0.18401828705099324,-0.09278464503589698,0.15899730600688078
-0.1659525984063679,-0.12614017088463556,0.155297255352956,-0.18505231894955307,-0.09272447282346555,0.15758537971344966
-0.16693189922117255,-0.126249471972955,0.1538804327613653,-0.1860739902407576,-0.09265311512060294,0.15616464835670518
-0.1679010214224751,-0.12634599228378726,0.15245539334632946,-0.18708315790129765,-0.09257062867700792,0.15473525303807587
-0.16885982446109032,-0.1264297624452853,0.15102227501411453,-0.18807968023953778,-0.09247707192284664,0.1532973356990237
-0.16980816877828292,-0.1265008148387839,0.14958121643568034,-0.18906341691652537,-0.0923725049572581,0.15185103910773362
-0.17074591582630358,-0.12655918359154164,0.14813235703399932,-0.19003422896682473,-0.09225698953660551,0.15039650684572145
-0.17167292808880516,-0.1266049045692349,0.1466758369713018,-0.19099197881917365,-0.09213058906247687,0.1489338832943656
-0.17258906910113572,-0.1266380153682016,0.14521179713625257,-0.19193653031695806,-0.09199336856943618,0.14746331362135962
-0.17349420347050623,-0.1266585553074369,0.1437403791310582,-0.19286774873850437,-0.09184539471252721,0.14598494376708937
-0.17438819689602972,-0.12666656542034455,0.14226172525850567,-0.1937855008171841,-0.09168673575453123,0.14449892043093332
-0.1752709161886279,-0.1266620884462417,0.14077597850893597,-0.1946896547613302,-0.09151746155298296,0.14300539105748922
-0.17614222929080406,-0.1266451688216201,0.13928328254715117,-0.19558008027395968,-0.09133764354694325,0.14150450382272836
-0.17700200529627907,-0.1266158526711659,0.13778378169925637,-0.19645664857230075,-0.09114735474353369,0.13999640762007853
-0.17785011446948484,-0.12657418779853855,0.13627762093944137,-0.19731923240712254,-0.0909466697042339,0.13848125204643524
-0.17868642826491712,-0.12652022367690918,0.1347649458766978,-0.19816770608186146,-0.09073566453094432,0.13695918738810606
-0.17951081934634097,-0.12645401143926177,0.1332459027414767,-0.1990019454715454,-0.09051441685181492,0.13543036460668612
-0.18032316160584738,-0.12637560386845936,0.13172063837228673,-0.19982182804150816,-0.09028300580684537,0.13389493532486924
-0.18112333018275859,-0.1262850553870722,0.13018930020223496,-0.20060319781312935,-0.09003072510038512,0.13242218587932406
-0.18142803118051953,-0.12584727171839244,0.13024621977221842,-0.20126236699112043,-0.08972061999304771,0.13126207587183708
-0.18173165566498492,-0.1254087401906233,0.13030313941805027,-0.2017711113538838,-0.08934129812330349,0.13051564633831692
-0.18203420177057997,-0.12496946349456656,0.13036005913097815,-0.20214944687599015,-0.08890291599080619,0.13013812606872602
-0.1823356676385587,-0.12452944432574795,0.13041697890224957,-0.20243447044915458,-0.08842284551467897,0.13002570412134196
-0.1826360514170159,-0.12408868538440043,0.13047389872311257,-0.20266293609550848,-0.08791786190437653,0.13007099418305632
-0.18293535126089916,-0.12364718937544608,0.1305308185848146,-0.20286358372228014,-0.0874008462030376,0.13018957853046734
-0.18323356533202137,-0.12320495900847839,0.13058773847860355,-0.20305530649172804,-0.08688012264706692,0.13032678332259903
-0.18353069179907192,-0.1227619969977449,0.13064465839572723,-0.20324837013181268,-0.08636012458542675,0.13045386426709216
-0.18382672883762946,-0.1223183060621293,0.130701578327433,-0.20344682898978192,-0.08584254274330236,0.13056031073698188
-0.18412167463017343,-0.12187388892513347,0.1307584982649689,-0.20365100273573306,-0.08532745526855601,0.13064619377664777
-0.1844155273660955,-0.12142874831486059,0.13081541819958256,-0.20385944424839733,-0.08481420171940826,0.13071630166286885
-0.18470828524171232,-0.12098288696399616,0.13087233812252155,-0.20407023433300223,-0.08430194390310643,0.1307764275280384
-0.18499994646027662,-0.1205363076097911,0.13092925802503363,-0.2042816759271105,-0.0837899574505674,0.13083147556785912
-0.18529050923198853,-0.12008901299404366,0.1309861778983666,-0.20449255754839823,-0.08327773573256933,0.13088481801481303
-0.18557997177400865,-0.11964100586308118,0.1310430977337682,-0.20470216182729953,-0.08276498611243086,0.13093836077206478
-0.18586833231046826,-0.11919228896774255,0.13110001752248596,-0.20491015704205134,-0.08225157913122084,0.13099291158789178
-0.18615558907248136,-0.11874286506336033,0.1311569372557678,-0.205116460576628,-0.08173748844308316,0.13104859893658305
-0.18644174029815663,-0.11829273690974264,0.13121385692486132,-0.20532112074737838,-0.08122274043073764,0.1311052169302318
-0.18672678423260838,-0.11784190727115482,0.1312707765210144,-0.2055242337428659,-0.08070737968661186,0.1311624573751007
-0.187010719127968,-0.117390378916302,0.13132769603547462,-0.2057175129116001,-0.08021296623516727,0.13121830901300485
-0.187010719127968,-0.117390378916302,0.13132769603547462,-0.2058709508885249,-0.07981770028302837,0.13126562699062497
-0.187010719127968,-0.117390378916302,0.13132769603547462,-0.20597280013044253,-0.07955392234694,0.13130028216164424
-0.187010719127968,-0.117390378916302,0.13132769603547462,-0.20602880474904273,-0.07940833696185687,0.13132231121796012
-0.187010719127968,-0.117390378916302,0.13132769603547462,-0.2060516556905558,-0.0793487586453396,0.13133403711109537
-0.187010719127968,-0.117390378916302,0.13132769603547462,-0.20605444975344656,-0.0793413749556673,0.13133852633894855
-0.187010719127968,-0.117390378916302,0.13132769603547462,-0.20604758002048706,-0.07935917880648341,0.13133864283422467
-0.187010719127968,-0.117390378916302,0.13132769603547462,-0.2060379053701449,-0.07938430997887541,0.13133661139036548
-0.187010719127968,-0.117390378916302,0.13132769603547462,-0.20602915204393635,-0.07940706264036262,0.13133392309844263
-0.187010719127968,-0.117390378916302,0.13132769603547462,-0.2060227931379906,-0.07942359927602892,0.13133142820198443
-0.187010719127968,-0.117390378916302,0.13132769603547462,-0.20601895207141493,-0.07943359489619545,0.131329503217595
-0.187010719127968,-0.117390378916302,0.13132769603547462,-0.2060171151959724,-0.07943838149548575,0.13132822250719217
-0.187010719127968,-0.117390378916302,0.13132769603547462,-0.20601659758210766,-0.07943973711490912,0.13132749933435195
-0.187010719127968,-0.117390378916302,0.13132769603547462,-0.20601679197332629,-0.07943923906149286,0.13132718518088904
-0.187010719127968,-0.117390378916302,0.13132769603547462,-0.20601726350378363,-0.07943801762325496,0.13132712982116404
-0.187010719127968,-0.117390378916302,0.13132769603547462,-0.20601775340075454,-0.07943674603128131,0.1313272108550769
-0.187010719127968,-0.117390378916302,0.13132769603547462,-0.2060181408163358,-0.07943573923141782,0.13132734275792102
-0.187010719127968,-0.117390378916302,0.13132769603547462,-0.20601839442323758,-0.07943507940640862,0.1313274742456404
-0.187010719127968,-0.117390378916302,0.13132769603547462,-0.2060185303463617,-0.07943472519333208,0.13132758046241028
-0.187010719127968,-0.117390378916302,0.13132769603547462,-0.20601858246429142,-0.0794345888626283,0.13132765414161066
-0.187010719127968,-0.117390378916302,0.13132769603547462,-0.20601858500292658,-0.07943458160396373,0.1313276979539173
-0.187010719127968,-0.117390378916302,0.13132769603547462,-0.20601856460713364,-0.07943463419313249,0.13132771889209124
-0.187010719127968,-0.117390378916302,0.13132769603547462,-0.2060185384789661,-0.07943470188516909,0.1313277247168922
-0.187010719127968,-0.117390378916302,0.13132769603547462,-0.206018515672728,-0.07943476108798717,0.13132772208279736
-0.187010719127968,-0.117390378916302,0.13132769603547462,-0.20601849952102386,-0.07943480308116614,0.1313277158377547
-0.187010719127968,-0.117390378916302,0.13132769603547462,-0.20601849002245232,-0.07943482782193277,0.13132770902719923
-0.187010719127968,-0.117390378916302,0.13132769603547462,-0.20601848567222208,-0.07943483919049073,0.13132770323966006
-0.187010719127968,-0.117390378916302,0.13132769603547462,-0.20601848462767242,-0.07943484195913277,0.13132769905252928
-0.187010719127968,-0.117390378916302,0.13132769603547462,-0.20601848531033404,-0.07943484022378358,0.13132769644153272
-0.187010719127968,-0.117390378916302,0.13132769603547462,-0.20601848661775035,-0.07943483684956185,0.1313276950944921
-0.187010719127968,-0.117390378916302,0.13132769603547462,-0.20601848791140426,-0.0794348334989458,0.13132769461874455
-0.187010719127968,-0.117390378916302,0.13132769603547462,-0.20601848890639032,-0.0794348309163059,0.1313276946573283
-0.187010719127968,-0.117390378916302,0.13132769603547462,-0.20601848954171245,-0.07943482926373595,0.13132769493866453
-0.187010719127968,-0.117390378916302,0.13132769603547462,-0.20601848987116328,-0.07943482840411015,0.13132769528444255
-0.187010719127968,-0.117390378916302,0.13132769603547462,-0.2060184899881536,-0.07943482809636279,0.13132769559567822
-0.187010719127968,-0.117390378916302,0.13132769603547462,-0.2060184899828502,-0.07943482810704396,0.13132769583082038
-0.187010719127968,-0.117390378916302,0.13132769603547462,-0.2060184899235732,-0.07943482825890483,0.13132769598416122
-0.187010719127968,-0.117390378916302,0.13132769603547462,-0.20601848985334487,-0.07943482844010438,0.13132769606850941
-0.187010719127968,-0.117390378916302,0.13132769603547462,-0.20601848979404963,-0.07943482859357698,0.13132769610323744
-0.187010719127968,-0.117390378916302,0.13132769603547462,-0.2060184897530896,-0.07943482869985638,0.131327696107219
-0.187010719127968,-0.117390378916302,0.13132769603547462,-0.20601848972966003,-0.07943482876083155,0.13132769609548922
-0.187010719127968,-0.117390378916302,0.13132769603547462,-0.20601848971943565,-0.079434828787595,0.13132769607835287
-0.187010719127968,-0.117390378916302,0.13132769603547462,-0.2060184897174807,-0.07943482879288141,0.1313276960618513
-0.187010719127968,-0.117390378916302,0.13132769603547462,-0.2060184897196987,-0.07943482878728836,0.13132769604880162
-0.187010719127968,-0.117390378916302,0.13132769603547462,-0.20601848972329878,-0.07943482877805363,0.13132769603991626
-0.187010719127968,-0.117390378916302,0.13132769603547462,-0.20601848972670897,-0.07943482876926417,0.13132769603474867
-0.187010719127968,-0.117390378916302,0.13132769603547462,-0.2060184897292627,-0.07943482876266246,0.13132769603237363
-0.187010719127968,-0.117390378916302,0.13132769603547462,-0.20601848973085324,-0.07943482875853936,0.13132769603180902
-0.187010719127968,-0.117390378916302,0.13132769603547462,-0.20601848973164955,-0.07943482875646603,0.13132769603223254
-0.187010719127968,-0.117390378916302,0.13132769603547462,-0.20601848973190745,-0.07943482875578568,0.13132769603305608
-0.187010719127968,-0.117390378916302,0.13132769603547462,-0.2060184897318642,-0.07943482875588714,0.13132769603391717
-0.187010719127968,-0.117390378916302,0.13132769603547462,-0.20601848973169465,-0.07943482875631831,0.13132769603463282
-0.187010719127968,-0.117390378916302,0.13132769603547462,-0.20601848973150666,-0.07943482875680054,0.13132769603514108
-0.187010719127968,-0.117390378916302,0.13132769603547462,-0.20601848973135262,-0.07943482875719687,0.13132769603545186
-0.187010719127968,-0.117390378916302,0.13132769603547462,-0.20601848973124867,-0.07943482875746485,0.1313276960356074
-0.187010719127968,-0.117390378916302,0.13132769603547462,-0.20601848973119094,-0.07943482875761443,0.13132769603565772
-0.187010719127968,-0.117390378916302,0.13132769603547462,-0.20601848973116696,-0.07943482875767678,0.1313276960356473
-0.187010719127968,-0.117390378916302,0.13132769603547462,-0.2060184897311638,-0.07943482875768569,0.13132769603560943
-0.187010719127968,-0.117390378916302,0.13132769603547462,-0.20601848973117048,-0.0794348287576685,0.13132769603556532
-0.187010719127968,-0.117390378916302,0.13132769603547462,-0.20601848973118037,-0.07943482875764346,0.13132769603552652
-0.187010719127968,-0.117390378916302,0.13132769603547462,-0.20601848973118933,-0.07943482875762041,0.13132769603549785
-0.187010719127968,-0.117390378916302,0.13132769603547462,-0.2060184897311959,-0.07943482875760358,0.13132769603547947
-0.187010719127968,-0.117390378916302,0.13132769603547462,-0.20601848973119988,-0.07943482875759343,0.13132769603546957
-0.187010719127968,-0.117390378916302,0.13132769603547462,-0.20601848973120185,-0.07943482875758849,0.1313276960354657
-0.187010719127968,-0.117390378916302,0.13132769603547462,-0.20601848973120238,-0.07943482875758703,0.13132769603546549
-0.187010719127968,-0.117390378916302,0.13132769603547462,-0.2060184897312022,-0.07943482875758744,0.13132769603546712
-0.187010719127968,-0.117390378916302,0.13132769603547462,-0.20601848973120174,-0.07943482875758869,0.13132769603546932
-0.187010719127968,-0.117390378916302,0.13132769603547462,-0.20601848973120118,-0.07943482875758998,0.13132769603547143
-0.187010719127968,-0.117390378916302,0.13132769603547462,-0.20601848973120085,-0.07943482875759092,0.131327696035473
-0.187010719127968,-0.117390378916302,0.13132769603547462,-0.20601848973120054,-0.07943482875759161,0.13132769603547415
-0.187010719127968,-0.117390378916302,0.13132769603547462,-0.2060184897312004,-0.07943482875759203,0.13132769603547467
-0.187010719127968,-0.117390378916302,0.13132769603547462,-0.20601848973120038,-0.07943482875759217,0.131327696035475
-0.187010719127968,-0.117390378916302,0.13132769603547462,-0.2060184897312004,-0.0794348287575922,0.131327696035475
-0.187010719127968,-0.117390378916302,0.13132769603547462,-0.2060184897312004,-0.07943482875759211,0.13132769603547492
-0.187010719127968,-0.117390378916302,0.13132769603547462,-0.20601848973120038,-0.07943482875759206,0.13132769603547484
-0.187010719127968,-0.117390378916302,0.13132769603547462,-0.2060184897312004,-0.07943482875759203,0.13132769603547467
-0.187010719127968,-0.117390378916302,0.13132769603547462,-0.2060184897312004,-0.07943482875759195,0.1313276960354747
-0.187010719127968,-0.117390378916302,0.13132769603547462,-0.2060184897312004,-0.07943482875759199,0.13132769603547456
-0.187010719127968,-0.117390378916302,0.13132769603547462,-0.20601848973120052,-0.07943482875759181,0.1313276960354745
-0.187010719127968,-0.117390378916302,0.13132769603547462,-0.20601848973120054,-0.07943482875759182,0.1313276960354745
-0.187010719127968,-0.117390378916302,0.13132769603547462,-0.20601848973120054,-0.07943482875759182,0.1313276960354745
-0.187010719127968,-0.117390378916302,0.13132769603547462,-0.20601848973120054,-0.07943482875759182,0.1313276960354745
-0.187010719127968,-0.117390378916302,0.13132769603547462,-0.20601848973120052,-0.07943482875759181,0.1313276960354745
-0.187010719127968,-0.117390378916302,0.13132769603547462,-0.20601848973120052,-0.07943482875759181,0.1313276960354745
-0.187010719127968,-0.117390378916302,0.13132769603547462,-0.2060184897312005,-0.0794348287575918,0.1313276960354746
-0.187010719127968,-0.117390378916302,0.13132769603547462,-0.2060184897312005,-0.0794348287575918,0.1313276960354746
-0.187010719127968,-0.117390378916302,0.13132769603547462,-0.2060184897312005,-0.0794348287575918,0.1313276960354746
-0.187010719127968,-0.117390378916302,0.13132769603547462,-0.2060184897312005,-0.0794348287575918,0.1313276960354746
-0.187010719127968,-0.117390378916302,0.13132769603547462,-0.2060184897312005,-0.0794348287575918,0.1313276960354746
-0.187010719127968,-0.117390378916302,0.13132769603547462,-0.2060184897312005,-0.0794348287575918,0.1313276960354746
-0.187010719127968,-0.117390378916302,0.13132769603547462,-0.2060184897312005,-0.0794348287575918,0.1313276960354746
-0.187010719127968,-0.117390378916302,0.13132769603547462,-0.2060184897312005,-0.0794348287575918,0.1313276960354746
-0.187010719127968,-0.117390378916302,0.13132769603547462,-0.2060184897312005,-0.0794348287575918,0.1313276960354746
-0.187010719127968,-0.117390378916302,0.13132769603547462,-0.2060184897312005,-0.0794348287575918,0.1313276960354746
-0.187010719127968,-0.117390378916302,0.13132769603547462,-0.2060184897312005,-0.0794348287575918,0.1313276960354746
-0.187010719127968,-0.117390378916302,0.13132769603547462,-0.2060184897312005,-0.0794348287575918,0.1313276960354746
-0.187010719127968,-0.117390378916302,0.13132769603547462,-0.2060184897312005,-0.0794348287575918,0.1313276960354746
-0.187010719127968,-0.117390378916302,0.13132769603547462,-0.2060184897312005,-0.0794348287575918,0.1313276960354746
-0.187010719127968,-0.117390378916302,0.13132769603547462,-0.2060184897312005,-0.0794348287575918,0.1313276960354746
-0.187010719127968,-0.117390378916302,0.13132769603547462,-0.2060184897312005,-0.0794348287575918,0.1313276960354746
-0.187010719127968,-0.117390378916302,0.13132769603547462,-0.2060184897312005,-0.0794348287575918,0.1313276960354746
-0.187010719127968,-0.117390378916302,0.13132769603547462,-0.2060184897312005,-0.0794348287575918,0.1313276960354746
-0.18397814054947964,-0.12147460582796726,0.13483490727066288,-0.20591636553497625,-0.0796640823491907,0.1314464976693127
-0.18079797868388192,-0.12544074047360515,0.13833861999890665,-0.20533533469993048,-0.08095094452052037,0.13214427980102803
-0.1774751083155611,-0.1292828840629403,0.14183727734869223,-0.2040874480087582,-0.08361956511641014,0.13366073330802636
-0.17401465215599723,-0.13299534701771334,0.14532932461614084,-0.20216940853205553,-0.08749086655528295,0.13596369859315807
-0.1704219716086521,-0.1365726596600303,0.14881321002871145,-0.19966452684793887,-0.09218015996178339,0.138884517357604
-0.16670265706728304,-0.14000958248523926,0.15228738550732884,-0.1966888650281904,-0.09729365495689897,0.14221930799954766
-0.1628625177666026,-0.14330111599884363,0.1557503074265563,-0.193358588111766,-0.10252374665640032,0.14578693131206877
-0.15890757120510304,-0.14644251009783094,0.1592004373724327,-0.18976992325237232,-0.10767223258413613,0.14945278268465528
-0.15484403216073017,-0.1494292729777013,0.16263624289759837,-0.18599044688576216,-0.1126344976146412,0.1531309327895942
-0.15067830132090967,-0.15225717954742737,0.1660561982733303,-0.18205982697851528,-0.11737002661789998,0.15677538864181814
-0.14641695354920692,-0.15492227933555863,0.16945878523811236,-0.1779962787057692,-0.12187411234416763,0.1603679250946881
-0.142066725811635,-0.15742090387169594,0.17284249374236949,-0.17380478997414478,-0.12615699819907564,0.16390675173503816
-0.13763450478630684,-0.1597496735286153,0.17620582268899093,-0.1694843772002528,-0.1302313214285139,0.16739786699213455
-0.13312731418077314,-0.16190550381139016,0.1795472806692765,-0.16503314967277777,-0.1341061965505576,0.17084942474499018
-0.12855230178196744,-0.16388561108097288,0.18286538669393732,-0.16045109796221713,-0.13778561014774016,0.17426865384533122
-0.12391672626422551,-0.16568751770082224,0.18615867091878827,-0.1557411114800758,-0.1412690777073894,0.17766059746493937
-0.11922794378132977,-0.1673090565963183,0.18942567536476962,-0.1509088899650333,-0.14455312675564172,0.18102796063591425
-0.11449339436896226,-0.16874837521788294,0.19266495463193978,-0.14596232895330652,-0.14763278094857574,0.18437150879900244
-0.10972058818433664,-0.1700039388999102,0.19587507660708448,-0.14091078124369835,-0.1505026842046638,0.18769064516640802
-0.10491709161010046,-0.17107453360882782,0.1990546231645891,-0.13576441731329222,-0.15315779432212576,0.190983956448617
-0.10009051324987456,-0.1719592680748251,0.20220219086022637,-0.13053377023642732,-0.15559372005716626,0.1942496346599764
-0.0952484898430146,-0.1726575753030207,0.20531639161751447,-0.1252294649879711,-0.1578068211597547,0.19748575663366963
-0.09039867212633707,-0.17316921346108222,0.2083958534063039,-0.1198620908186468,-0.15979418170136528,0.20069044117376897
-0.0855487106706616,-0.17349426614155775,0.2114392209132566,-0.11444216495549799,-0.16155353598097832,0.20386191768444284
-0.08070624172006848,-0.17363314199843197,0.214445156203883,-0.10898014256386998,-0.16308319318081482,0.20699853982460362
-0.07587887306176148,-0.17358657375866532,0.21741233937581045,-0.10348644124933624,-0.1643819810244283,0.21009877086687637
-0.07107416995436674,-0.173355616610733,0.22033946920295683,-0.09797146185763204,-0.16544921229829881,0.21316115888163378
-0.06629964114237329,-0.17294164597341782,0.22322526377029034,-0.09244559781469125,-0.1662846699311387,0.21618431224113394
-0.061562724984249056,-0.17234635464935588,0.22606846109886172,-0.08691923193926288,-0.16688860379341294,0.21916688027935516
-0.05687077572153346,-0.17157174936906056,0.22886781976079723,-0.08140272304916482,-0.16726173295915642,0.2221075403356345
-0.052231049915920015,-0.1706201467323693,0.23162211948394973,-0.07590638575513563,-0.1674052489853369,0.2250049904819862
-0.04765069308100439,-0.16949416855545968,0.2343301617459073,-0.0704404665845004,-0.1673208176776557,0.22785794647422694
-0.043136726534975044,-0.16819673663277174,0.23699077035706473,-0.0650151187654147,-0.1670105782990551,0.2306651414036786
-0.03869603450007848,-0.16673106692433554,0.2396027920324723,-0.059640377114996465,-0.16647714010881132,0.233425326799976
-0.03433535147419086,-0.165100663180157,0.2421650969521753,-0.05432613375281558,-0.16572357657435122,0.23613727431174858
-0.030061249899275343,-0.16330931001442936,0.24467657930977085,-0.04908211487902238,-0.16475341772653138,0.2387997774409177
-0.025880128150907025,-0.16136106544344025,0.2471361578489095,-0.043917858593279305,-0.16357064107949765,0.24141165307313392
-0.021798198872393103,-0.15926025290210963,0.2495427763874769,-0.03884269362726654,-0.16217966141805515,0.24397174272227592
-0.01782147767632571,-0.1570114527551325,0.25189540432919816,-0.03386571885615303,-0.16058531963487524,0.24647891350489143
-0.01395577223565471,-0.15461949331970556,0.25419303716241176,-0.02899578349211754,-0.15879287070746778,0.2489320589028566
-0.01020667178558797,-0.15208944141778705,0.25643469694576837,-0.02424146791217835,-0.1568079708478339,0.25133009938065476
-0.006579537056791578,-0.1494265924767728,0.2586194327806147,-0.019611065115422172,-0.154636663830999,0.25367198291420096
-0.0030794906594946644,-0.14663646019836885,0.2607463212698322,-0.015112562834487506,-0.15228536650268656,0.25595668547238054
0.00028859206280877885,-0.14372476581629517,0.26281446696290234,-0.010753626342859757,-0.149760853471998,0.25818321147690076
0.003520091692313564,-0.1406974269642669,0.264823002786984,-0.006541582006096978,-0.14707024100513408,0.26035059425367263
0.006610652891751067,-0.1375605461764729,0.2667710904637888,-0.002483401625152618,-0.1442209701466154,0.2624578964805183
0.009556192039383439,-0.13432039904349352,0.2686579209120511,0.0014143123833701135,-0.1412207891030781,0.2645042106310717
0.0123529043294465,-0.13098342204727678,0.27048271463539875,0.005145340929810472,-0.13807773493090478,0.26648865941244604
0.014997270324419765,-0.12755620009942598,0.2722447220954297,0.008703861281272957,-0.1348001145729865,0.26841039619360957
0.017486061946606183,-0.12404545380762787,0.2739432240698193,0.012084459147171031,-0.13139648529231981,0.27026860542169867
0.019816347897633695,-0.12045802649558385,0.2755775319952798,0.01528213979244011,-0.12787563455156198,0.27206250302413204
0.02198549849564218,-0.11680087100228592,0.2771469882952066,0.0182923381533327,-0.12424655938851568,0.27379133679508993
0.0239911899210907,-0.1130810362869033,0.2786509666918529,0.021110927933315128,-0.12051844533815562,0.2754543867654868
0.02583140786330938,-0.10930565386592044,0.28008887250288245,0.023734229659040193,-0.11670064495236926,0.2770509655559763
0.02750445056112596,-0.10548192410948717,0.28146014292215593,0.02615901767875915,-0.11280265596917148,0.2785804187127739
0.029008931232112765,-0.10161710242420426,0.2827642472846168,0.02838252608797419,-0.1088340991837229,0.2800421250262081
0.03034377988623064,-0.09771848534977895,0.28400068731515016,0.03040245356961084,-0.10480469607405696,0.281435496831963
0.03150824452087933,-0.09379339659713808,0.28516899736129486,0.03221696713854852,-0.10072424623492249,0.2827599802949744
0.03250189169560821,-0.08984917305568507,0.2862687446096981,0.03382631155231439,-0.09660719357116028,0.28401438105335675
0.03337089636524359,-0.08601246154102242,0.2872908190236371,0.03523648156647391,-0.09248037840463232,0.28519646640546253
0.03407476083037631,-0.0821693801907509,0.2882492895232031,0.03645210750698995,-0.08836097263848247,0.2863066304001892
0.034613869662402784,-0.07832684918492046,0.2891438317032794,0.037474746352660675,-0.08425584346990894,0.2873467800815761
0.03498889976820653,-0.07449175482471858,0.28997414895387846,0.03830398887915532,-0.08016725452548226,0.2883188450420179
0.03520081840093167,-0.07067093705571897,0.2907399725902397,0.03893868678416503,-0.07609676467149411,0.28922415441725285
0.035250880633719346,-0.06687117709541109,0.29144106197051955,0.03937789693364567,-0.07204723493920434,0.29006335556822843
0.035140626301621104,-0.06309918518826947,0.29207720460102243,0.039621439548103585,-0.06802346057489132,0.29083657607398355
0.0348718764179149,-0.05936158851136397,0.29264821622892606,0.03967012013574574,-0.0640320115391538,0.29154364134357624
0.03444672907204904,-0.05566491925321672,0.2931539409224587,0.03952572265166198,-0.06008073650694636,0.2921842563455616
0.03386755481742376,-0.05201560288826826,0.29359425113849374,0.03919088271641733,-0.056178216986639884,0.2927581228315563
0.03313699155818898,-0.048419946668928286,0.29396904777753086,0.03866892426935486,-0.052333314891895855,0.2932649970352818
0.03225793894518739,-0.044884128356762795,0.2942782602260406,0.03796371063343238,-0.04855485874948309,0.2937047059411142
0.03123355229210413,-0.041414185213898946,0.29452184638615186,0.037079532783452766,-0.044851458576574826,0.2940771412104238
0.030067236023792986,-0.03801600327522106,0.29469979269267,0.03602103810609159,-0.041231416425070784,0.2943822452421159
0.02876263666963462,-0.03469530692138223,0.2948121141174189,0.03479319229969581,-0.03770269642927248,0.2946199979225161
0.027323635415646343,-0.03145764877207186,0.29485885416090296,0.03340126331425656,-0.03427292483358883,0.29479040766763587
0.025754340229893667,-0.028308399918353537,0.29484008483129465,0.03185081680173167,-0.03094940010528784,0.29489350715962803
0.024059077576563344,-0.025252740512229557,0.2947559066107564,0.030147715157305126,-0.027739102066517703,0.2949293526227496
0.0222423837348324,-0.02229565073089493,0.29460644840911115,0.02829811528218533,-0.02464869546171629,0.2948980250896257
0.020308995739413485,-0.019441902132415458,0.29439186750488416,0.02639690256182966,-0.0217574230664112,0.2948018654326915
0.020750856937872448,-0.018969575715178412,0.29439186750488416,0.024805877216301262,-0.019336218379933864,0.2946659412810125
0.021181735963819125,-0.01848720984975795,0.29439186750488416,0.023742582346750758,-0.01748930579902862,0.29453284943836777
0.02160140477906649,-0.01799505982320869,0.29439186750488416,0.023222525132431924,-0.0161496215417409,0.29443163676915457
0.02200964127831353,-0.01749338610074942,0.29439186750488416,0.023147924292305687,-0.015179669548067381,0.2943702949337994
0.022406229406692024,-0.016982454187914824,0.29439186750488416,0.023381283104470338,-0.01443791850971789,0.2943428180233934
0.022790959274111407,-0.016462534490039208,0.29439186750488416,0.02379154882904179,-0.013810898430296516,0.29433813773430184
0.02316362726634085,-0.015933902169147612,0.29439186750488416,0.024276197730199966,-0.013221908608923605,0.2943457843150225
0.023524036152769927,-0.015396836998328892,0.29439186750488416,0.024766699661500063,-0.012627106711787702,0.29435810891497527
0.02387199519079088,-0.014851623213669032,0.29439186750488416,0.02522458700843081,-0.012006719392358266,0.2943704621415052
0.02420732022674709,-0.01429854936382208,0.29439186750488416,0.025633627991963108,-0.011355948577769646,0.294380554030574
0.024529833793394545,-0.013737908157298744,0.29439186750488416,0.025991616904275018,-0.010677705466483596,0.2943876669889339
0.02483936520382434,-0.01316999630755363,0.29439186750488416,0.02630359703349047,-0.009977734458856,0.2943919866240843
0.025135750641797173,-0.012595114375952671,0.29439186750488416,0.026577125844741086,-0.009261858372718364,0.294394114910696
0.025418833248441113,-0.012013566612704203,0.29439186750488416,0.02681947463671505,-0.008534761815459571,0.2943947547739739
0.02568846320526765,-0.011425660795837886,0.29439186750488416,0.027036324724966875,-0.007799716920217946,0.29439453282712524
0.02594449781346158,-0.010831708068316081,0.29439186750488416,0.027231449002210698,-0.007058781102309373,0.294393922693803
0.02618680156940273,-0.010232022773365148,0.29439186750488416,0.027406934670862193,-0.006313155851003515,0.29439323360081576
0.026415246236379905,-0.009626922288112278,0.29439186750488416,0.027563624366163317,-0.005563534726350126,0.29439263471553145
0.026629710912458845,-0.009016726855617132,0.29439186750488416,0.027701576156146948,-0.004810368084924306,0.2943921934052065
0.02683008209446816,-0.00840175941538653,0.29439186750488416,0.027815822110253435,-0.0040856114296118,0.2943919135124902
0.02683008209446816,-0.00840175941538653,0.29439186750488416,0.027894156197769682,-0.003504864190712294,0.2943917664811435
0.02683008209446816,-0.00840175941538653,0.29439186750488416,0.027940061485121515,-0.003116777551406074,0.2943917130237105
0.02683008209446816,-0.00840175941538653,0.29439186750488416,0.0279633617054304,-0.0029024545350653736,0.2943917159541447
0.02683008209446816,-0.00840175941538653,0.29439186750488416,0.02797266987582115,-0.002814754332117007,0.29439174617572256
0.02683008209446816,-0.00840175941538653,0.29439186750488416,0.027974092640086923,-0.002803931149290821,0.2943917841215522
0.02683008209446816,-0.00840175941538653,0.29439186750488416,0.02797171432446192,-0.0028302006629302035,0.29439181865922426
0.02683008209446816,-0.00840175941538653,0.29439186750488416,0.027968124219191894,-0.00286724745773804,0.2943918449441108
0.02683008209446816,-0.00840175941538653,0.29439186750488416,0.027964774391254575,-0.0029007753112871865,0.29439186215976654
0.02683008209446816,-0.00840175941538653,0.29439186750488416,0.02796228760649713,-0.002925136582380616,0.29439187163301767
0.02683008209446816,-0.00840175941538653,0.29439186750488416,0.027960757649113592,-0.0029398577596257674,0.29439187549410206
0.02683008209446816,-0.00840175941538653,0.29439186750488416,0.027960009373633576,-0.0029469043961219644,0.2943918758621632
0.02683008209446816,-0.00840175941538653,0.29439186750488416,0.027959784191641964,-0.0029488973792898407,0.29439187444589393
0.02683008209446816,-0.00840175941538653,0.29439186750488416,0.027959845557730935,-0.0029481607961304225,0.2943918724253982
0.02683008209446816,-0.00840175941538653,0.29439186750488416,0.027960021603595744,-0.002946359677582839,0.29439187049526205
0.02683008209446816,-0.00840175941538653,0.29439186750488416,0.027960209052195196,-0.002944485541933644,0.29439186897873487
0.02683008209446816,-0.00840175941538653,0.29439186750488416,0.02796035899913183,-0.00294300206571847,0.2943918679549877
0.02683008209446816,-0.00840175941538653,0.29439186750488416,0.027960458041183932,-0.002942030070080681,0.29439186736837597
0.02683008209446816,-0.00840175941538653,0.29439186750488416,0.02796051173165954,-0.0029415084399856267,0.29439186710788695
0.02683008209446816,-0.00840175941538653,0.29439186750488416,0.02796053286503346,-0.0029413078208943956,0.29439186705669934
0.02683008209446816,-0.00840175941538653,0.29439186750488416,0.02796053458206215,-0.0029412973197125436,0.2943918671175668
0.02683008209446816,-0.00840175941538653,0.29439186750488416,0.027960527195984654,-0.0029413749342493377,0.29439186722148053
0.02683008209446816,-0.00840175941538653,0.29439186750488416,0.027960517407564167,-0.00294147474651175,0.2943918673264803
0.02683008209446816,-0.00840175941538653,0.29439186750488416,0.027960508771856116,-0.002941562010902124,0.294391867411875
0.02683008209446816,-0.00840175941538653,0.29439186750488416,0.027960502622336472,-0.0029416238934131013,0.294391867471331
0.02683008209446816,-0.00840175941538653,0.29439186750488416,0.027960498991158007,-0.0029416603426607657,0.29439186750673774
0.02683008209446816,-0.00840175941538653,0.29439186750488416,0.027960497318679545,-0.0029416770837209045,0.29439186752363233
0.02683008209446816,-0.00840175941538653,0.29439186750488416,0.027960496906963506,-0.0029416811528499664,0.2943918675282672
0.02683008209446816,-0.00840175941538653,0.29439186750488416,0.027960497155025354,-0.002941678587345393,0.29439186752604174
0.02683008209446816,-0.00840175941538653,0.29439186750488416,0.02796049764244851,-0.002941673609477621,0.29439186752090274
0.02683008209446816,-0.00840175941538653,0.29439186750488416,0.027960498125811264,-0.0029416686686740837,0.2943918675153311
0.02683008209446816,-0.00840175941538653,0.29439186750488416,0.027960498496739573,-0.0029416648612299876,0.2943918675106177
0.02683008209446816,-0.00840175941538653,0.29439186750488416,0.027960498732266154,-0.0029416624254179763,0.2943918675072256
0.02683008209446816,-0.00840175941538653,0.29439186750488416,0.027960498853040684,-0.0029416611587000435,0.2943918675051271
0.02683008209446816,-0.00840175941538653,0.29439186750488416,0.02796049889459545,-0.002941660705512762,0.2943918675040599
0.02683008209446816,-0.00840175941538653,0.29439186750488416,0.027960498891030423,-0.0029416607216398985,0.29439186750369895
0.02683008209446816,-0.00840175941538653,0.29439186750488416,0.027960498868004897,-0.0029416609457777855,0.2943918675037505
0.02683008209446816,-0.00840175941538653,0.29439186750488416,0.027960498841514202,-0.0029416612130711587,0.2943918675039928
0.02683008209446816,-0.00840175941538653,0.29439186750488416,0.027960498819546587,-0.002941661439419525,0.2943918675042812
0.02683008209446816,-0.00840175941538653,0.29439186750488416,0.02796049880465953,-0.0029416615961484825,0.2943918675045369
0.02683008209446816,-0.00840175941538653,0.29439186750488416,0.027960498796380674,-0.002941661686060427,0.29439186750472757
0.02683008209446816,-0.00840175941538653,0.29439186750488416,0.027960498792981223,-0.002941661725519647,0.29439186750485025
0.02683008209446816,-0.00840175941538653,0.29439186750488416,0.02796049879256291,-0.002941661733308276,0.2943918675049163
0.02683008209446816,-0.00840175941538653,0.29439186750488416,0.02796049879358548,-0.0029416617250541165,0.2943918675049423
0.02683008209446816,-0.00840175941538653,0.29439186750488416,0.027960498795023474,-0.002941661711430484,0.2943918675049437
0.02683008209446816,-0.00840175941538653,0.29439186750488416,0.027960498796318622,-0.0029416616984642018,0.29439186750493307
0.02683008209446816,-0.00840175941538653,0.29439186750488416,0.027960498797251317,-0.002941661688724639,0.2943918675049184
0.02683008209446816,-0.00840175941538653,0.29439186750488416,0.02796049879780568,-0.002941661682641295,0.29439186750490487
0.02683008209446816,-0.00840175941538653,0.29439186750488416,0.027960498798061163,-0.002941661679581508,0.29439186750489427
0.02683008209446816,-0.00840175941538653,0.29439186750488416,0.027960498798122436,-0.002941661678576679,0.2943918675048872
0.02683008209446816,-0.00840175941538653,0.29439186750488416,0.027960498798081455,-0.0029416616787256477,0.29439186750488316
0.02683008209446816,-0.00840175941538653,0.29439186750488416,0.027960498798003382,-0.0029416616793612196,0.29439186750488133
0.02683008209446816,-0.00840175941538653,0.29439186750488416,0.027960498797926364,-0.002941661680072639,0.2943918675048811
0.02683008209446816,-0.00840175941538653,0.29439186750488416,0.027960498797867425,-0.002941661680657423,0.2943918675048815
0.02683008209446816,-0.00840175941538653,0.29439186750488416,0.027960498797830316,-0.0029416616810529666,0.29439186750488217
0.02683008209446816,-0.00840175941538653,0.29439186750488416,0.027960498797811588,-0.0029416616812738086,0.29439186750488294
0.02683008209446816,-0.00840175941538653,0.29439186750488416,0.027960498797805565,-0.0029416616813659493,0.2943918675048835
0.02683008209446816,-0.00840175941538653,0.29439186750488416,0.02796049879780676,-0.0029416616813792446,0.2943918675048839
0.02683008209446816,-0.00840175941538653,0.29439186750488416,0.027960498797810988,-0.0029416616813539727,0.29439186750488416
0.02683008209446816,-0.00840175941538653,0.29439186750488416,0.027960498797815658,-0.0029416616813169975,0.2943918675048843
0.02683008209446816,-0.00840175941538653,0.29439186750488416,0.027960498797819467,-0.002941661681283142,0.2943918675048842
0.02683008209446816,-0.00840175941538653,0.29439186750488416,0.027960498797821996,-0.0029416616812583535,0.2943918675048843
0.02683008209446816,-0.00840175941538653,0.29439186750488416,0.027960498797823356,-0.0029416616812432007,0.2943918675048842
0.02683008209446816,-0.00840175941538653,0.29439186750488416,0.027960498797823887,-0.002941661681235861,0.2943918675048842
0.02683008209446816,-0.00840175941538653,0.29439186750488416,0.027960498797823932,-0.002941661681233696,0.2943918675048841
0.02683008209446816,-0.00840175941538653,0.29439186750488416,0.027960498797823682,-0.002941661681234337,0.29439186750488416
0.02683008209446816,-0.00840175941538653,0.29439186750488416,0.027960498797823398,-0.0029416616812361004,0.29439186750488416
0.02683008209446816,-0.00840175941538653,0.29439186750488416,0.02796049879782316,-0.0029416616812379913,0.2943918675048841
0.02683008209446816,-0.00840175941538653,0.29439186750488416,0.027960498797822995,-0.0029416616812394966,0.2943918675048841
0.02683008209446816,-0.00840175941538653,0.29439186750488416,0.02796049879782287,-0.002941661681240479,0.2943918675048841
0.02683008209446816,-0.00840175941538653,0.29439186750488416,0.027960498797822836,-0.002941661681241015,0.2943918675048841
0.02683008209446816,-0.00840175941538653,0.29439186750488416,0.027960498797822822,-0.0029416616812412365,0.29439186750488416
0.02683008209446816,-0.00840175941538653,0.29439186750488416,0.02796049879782286,-0.002941661681241244,0.29439186750488416
0.02683008209446816,-0.00840175941538653,0.29439186750488416,0.027960498797822864,-0.002941661681241177,0.29439186750488416
0.02683008209446816,-0.00840175941538653,0.29439186750488416,0.02796049879782287,-0.0029416616812410687,0.29439186750488416
0.02683008209446816,-0.00840175941538653,0.29439186750488416,0.027960498797822878,-0.002941661681241,0.29439186750488416
0.02683008209446816,-0.00840175941538653,0.29439186750488416,0.027960498797822884,-0.002941661681240928,0.29439186750488416
0.02683008209446816,-0.00840175941538653,0.29439186750488416,0.027960498797822884,-0.002941661681240878,0.29439186750488416
0.02683008209446816,-0.00840175941538653,0.29439186750488416,0.027960498797822884,-0.0029416616812408592,0.29439186750488416
0.02683008209446816,-0.00840175941538653,0.29439186750488416,0.02796049879782289,-0.0029416616812408414,0.29439186750488416
0.02683008209446816,-0.00840175941538653,0.29439186750488416,0.027960498797822884,-0.0029416616812408592,0.29439186750488416
0.02683008209446816,-0.00840175941538653,0.29439186750488416,0.027960498797822878,-0.002941661681240876,0.29439186750488416
0.02683008209446816,-0.00840175941538653,0.29439186750488416,0.027960498797822884,-0.002941661681240878,0.29439186750488416
0.02683008209446816,-0.00840175941538653,0.29439186750488416,0.027960498797822884,-0.002941661681240878,0.29439186750488416
0.02683008209446816,-0.00840175941538653,0.29439186750488416,0.02796049879782289,-0.0029416616812408952,0.29439186750488416
0.02683008209446816,-0.00840175941538653,0.29439186750488416,0.02796049879782289,-0.0029416616812408952,0.29439186750488416
0.02683008209446816,-0.00840175941538653,0.29439186750488416,0.02796049879782289,-0.0029416616812408952,0.29439186750488416
0.02683008209446816,-0.00840175941538653,0.29439186750488416,0.02796049879782289,-0.0029416616812408952,0.29439186750488416
0.02683008209446816,-0.00840175941538653,0.29439186750488416,0.02796049879782289,-0.0029416616812408952,0.29439186750488416
0.02683008209446816,-0.00840175941538653,0.29439186750488416,0.02796049879782289,-0.0029416616812408952,0.29439186750488416
0.02683008209446816,-0.00840175941538653,0.29439186750488416,0.02796049879782289,-0.0029416616812408952,0.29439186750488416
0.02683008209446816,-0.00840175941538653,0.29439186750488416,0.02796049879782289,-0.0029416616812408952,0.29439186750488416
0.02683008209446816,-0.00840175941538653,0.29439186750488416,0.02796049879782289,-0.0029416616812408952,0.29439186750488416
0.02683008209446816,-0.00840175941538653,0.29439186750488416,0.02796049879782289,-0.0029416616812408952,0.29439186750488416
0.02683008209446816,-0.00840175941538653,0.29439186750488416,0.02796049879782289,-0.0029416616812408952,0.29439186750488416
0.02683008209446816,-0.00840175941538653,0.29439186750488416,0.02796049879782289,-0.0029416616812408952,0.29439186750488416
0.02683008209446816,-0.00840175941538653,0.29439186750488416,0.02796049879782289,-0.0029416616812408952,0.29439186750488416
0.02683008209446816,-0.00840175941538653,0.29439186750488416,0.02796049879782289,-0.0029416616812408952,0.29439186750488416
0.02683008209446816,-0.00840175941538653,0.29439186750488416,0.02796049879782289,-0.0029416616812408952,0.29439186750488416
0.02683008209446816,-0.00840175941538653,0.29439186750488416,0.02796049879782289,-0.0029416616812408952,0.29439186750488416
0.02683008209446816,-0.00840175941538653,0.29439186750488416,0.02796049879782289,-0.0029416616812408952,0.29439186750488416
0.02683008209446816,-0.00840175941538653,0.29439186750488416,0.02796049879782289,-0.0029416616812408952,0.29439186750488416
0.02928466148238822,-0.009557969192783589,0.2945414259067508,0.02805120263594406,-0.0029665209379506506,0.2943958350053115
0.031719413108413946,-0.010775718227337132,0.2946508661909252,0.02858226243424475,-0.0031105340305788436,0.294420457754899
0.034132586722309,-0.01205453060038002,0.2947201052389349,0.02973206149556091,-0.003426583272327771,0.2944729123204549
0.036522444138137614,-0.013393881993457505,0.29474907052889304,0.03147168835809173,-0.003924176107143011,0.29454378150781935
0.03888726058850425,-0.014793200018551353,0.29473770015687695,0.03366932570645404,-0.004590689503128551,0.29461461770431946
0.04122532606939036,-0.01625186458640641,0.2946859428554204,0.03616809568443484,-0.00540266798205714,0.29466680182785504
0.04353494667451047,-0.0177692083126847,0.29459375800911286,0.03883006919550713,-0.006333351674153006,0.29468664806100436
0.0458144459181193,-0.01934451696164268,0.294461115667303,0.0415537108745024,-0.007358387935905925,0.29466641622488177
0.04806216604521185,-0.020977029926997494,0.2942879965539013,0.04427476213131029,-0.00845931334741417,0.2946029826237691
0.05027646932806444,-0.022665940749616628,0.2940743920742795,0.046959046485621755,-0.009624574498039056,0.29449590577168294
0.05245573934807941,-0.024410397671637257,0.2938203043192646,0.04959296178782026,-0.01084866498547889,0.2943458503427571
0.054598382261904665,-0.026209504226590553,0.2935257460662259,0.052174854747294094,-0.012130332599754712,0.29415364210614936
0.05670282805081403,-0.028062319865079302,0.2931907407772551,0.05470857961377518,-0.013470684354755612,0.29391985918741126
0.05876753175234529,-0.029967860615526067,0.292815322594439,0.05719938974847941,-0.014871672554992804,0.2936447571157979
0.06079097467320699,-0.03192509977948216,0.29239953633222665,0.05965174929446948,-0.016335120825979946,0.293328348844084
0.06277166558248343,-0.03393296866096067,0.2919434374668916,0.06206848011331287,-0.01786224216958538,0.2929705238651634
0.06470814188417684,-0.03599035732922654,0.29144709212309294,0.06445070077251552,-0.01945351125993676,0.2925711482397131
0.06659897076814697,-0.03809611541445336,0.29091057705753826,0.06679814510278023,-0.02110874258164957,0.2921301264463065
0.06844275033852287,-0.0402490529356259,0.29033397963975294,0.06910959255805557,-0.02282725527502525,0.29164742726543774
0.07023811071868122,-0.0424479411600453,0.28971739782995964,0.07138326403081349,-0.024608046714613023,0.291123084497941
0.07198371513190163,-0.04469151349376539,0.2890609401540756,0.07361712256242857,-0.02644993426352476,0.290557184368268
0.073678260956832,-0.04697846640226518,0.2883647256758326,0.07580907020253141,-0.02835165188544637,0.28994984892380565
0.07532048075691322,-0.04930746036063689,0.28762888396602826,0.07795705787365599,-0.03031190458277129,0.2893012211811576
0.07690914328293755,-0.05167712083254751,0.2868535550689161,0.08005913344871085,-0.03232939100643985,0.2886114545962434
0.07844305444793064,-0.0540860392772039,0.2860388894657428,0.08211345199833946,-0.034402805998100486,0.2878807072148255
0.07992105827357672,-0.056532774183534897,0.2851850480354447,0.08411826677626547,-0.03653083301871676,0.28710913963954116
0.08134203780742072,-0.05901585213077679,0.2842922020125103,0.08607191331978853,-0.03871213342872744,0.2862969155151549
0.08270491601011176,-0.061533768874628796,0.2833605329420237,0.08797279373202359,-0.04094533666233805,0.28544420329674236
0.08400865661197163,-0.06408499045812704,0.2823902326318981,0.08981936436913486,-0.04322903307324971,0.28455117836771604
0.08525226493819736,-0.06666795434635964,0.2813815031023145,0.09161012775058722,-0.04556176976382714,0.2836180249326511
0.08643478870203404,-0.06928107058413364,0.28033455653237743,0.09334362824129433,-0.04794204894025774,0.2826449374190377
0.08755531876527667,-0.0719227229756788,0.2792496152040028,0.09501845055696893,-0.05036832806299666,0.28163212134018756
0.08861298986548788,-0.07459127028546066,0.2781269114430528,0.09663322009852826,-0.0528390210830947,0.280579793696713
0.08960698130934358,-0.07728504745915526,0.276966687557734,0.0981866042928233,-0.05535250021194049,0.2794881830450888
0.09053651763154763,-0.08000236686382288,0.2757691957742743,0.09967731435506746,-0.057907097860319806,0.2783575293638644
0.0914008692187817,-0.08274151954630145,0.27453469816989723,0.1011041071112214,-0.06050110854655148,0.2771880838240874
0.09219935289818552,-0.0855007765088274,0.27326346660311107,0.10246578669155036,-0.06313279069160858,0.275980108537565
0.09293133248989244,-0.08827839000087513,0.27195578264133125,0.10376120602324178,-0.06580036829125888,0.2747338763253545
0.09359621932317097,-0.09107259482619506,0.2706119374858559,0.1049892681181898,-0.06850203249088418,0.27344967052451497
0.09419347271575532,-0.09388160966401837,0.2692322318942154,0.10614892718468802,-0.07123594309981768,0.27212778483503125
0.0947226004159744,-0.09670363840338093,0.2678169760999157,0.10723918960158299,-0.07400023007956105,0.27076852320001865
0.09518315900732086,-0.0995368714895153,0.26636648972959776,0.10825911479065424,-0.07679299503187124,0.26937219970900966
0.09557475427513075,-0.10237948728124162,0.2648811017176358,0.1092078160148167,-0.07961231270333669,0.26793913851426865
0.09589704153507458,-0.10522965341828677,0.26336115021819645,0.11008446112054025,-0.08245623251510963,0.26646967375201935
0.09614972592319158,-0.10808552819744738,0.26180698251478396,0.11088827323494209,-0.08532278012077989,0.26496414946296487
0.09633256264722954,-0.11094526195650836,0.260218954927294,0.11161853142214577,-0.08820995899187298,0.2634229195088093
0.09644535719908347,-0.1138069984648209,0.25859743271660396,0.11227457129974629,-0.09111575202865994,0.2618463474833092
0.09648796552815746,-0.11666887631943872,0.2569427899867225,0.11285578561417296,-0.09403812319331811,0.2602348066175932
0.09646029417550668,-0.11952903034570726,0.25525540958452664,0.11336162477290994,-0.09697501916246032,0.2585886796801769
0.09636230036864496,-0.12238559300119453,0.25353568299711454,0.11379159733144559,-0.09992437099636198,0.2569083588723728
0.09619399207693814,-0.12523669578185426,0.251784010246798,0.11414527043311598,-0.10288409582257416,0.2551942457198231
0.09595542802753293,-0.1280804706293036,0.2500007997837677,0.11442227020043692,-0.10585209853194863,0.25344675096076646
0.09564671768180363,-0.13091505133810363,0.2481864683764573,0.11462228207694233,-0.10882627348535129,0.2516662944314842
0.09526802117232974,-0.13373857496192385,0.24634144099963684,0.11474505111889469,-0.11180450622950205,0.24985330494921218
0.09481954920045009,-0.13654918321747908,0.24446615072026615,0.11479038223648326,-0.11478467522046663,0.24800822019267935
0.0943015628944705,-0.13934502388512351,0.24256103858113842,0.11475814038429907,-0.11776465355337733,0.24613148658033482
0.09371437362863282,-0.14212425220499383,0.24062655348234738,0.1146482507009737,-0.12074231069694613,0.24422355914629082
0.09305834280298594,-0.14488503226759206,0.23866315206060687,0.11446069859793345,-0.12371551423134378,0.24228490141396858
0.09233388158432883,-0.14762553839770734,0.2366712985664593,0.1141697751141279,-0.12665356078348775,0.24035485772602777
0.09091492981830815,-0.14931498425835385,0.2359733733604118,0.11367763203041789,-0.1294405172023984,0.2385941461008998
0.08946723733349539,-0.15098913786070914,0.23527264902383926,0.11293923334850528,-0.1320101460254069,0.23710383552958902
0.0879909914473232,-0.1526475254823416,0.23456913689679493,0.11197079612969463,-0.13436332327779485,0.23589163398859184
0.08648638717105465,-0.15428967596892906,0.23386284836571178,0.1108169327040213,-0.13653686840514534,0.23491024503814412
0.08495362717164869,-0.15591512085833467,0.23315379486321447,0.10952758671637228,-0.13857912575818804,0.23409225165390884
0.08339292173162924,-0.1575233945040885,0.23244198786793208,0.10814578381331175,-0.14053533727138676,0.23337285846240316
0.08180448870697216,-0.1591140341982433,0.2317274389043078,0.1067030941461858,-0.14244084694548195,0.23270095796930995
0.08018855348301547,-0.16068658029357114,0.2310101595424103,0.10521964218390037,-0.1443194762370174,0.23204194913840825
0.07854534892840685,-0.16224057632507177,0.23029016139774253,0.10370629532285475,-0.14618480451595325,0.2313759185111104
0.07687511534709741,-0.1637755691307579,0.2295674561310505,0.10216748778828078,-0.14804269353839686,0.23069392578422565
0.07517810042839422,-0.16529110897168972,0.22884205544813133,0.10060381035056333,-0.14989398136556853,0.2299940951195441
0.07345455919508326,-0.16678674965122436,0.2281139710996401,0.09901398691866632,-0.1517367628763267,0.22927836435178528
0.07170475394963556,-0.16826204863345112,0.22738321488089636,0.09739617308582943,-0.15356803631472343,0.22855017372803405
0.06992895421850909,-0.16971656716078048,0.22664979863169027,0.09574867832677812,-0.15538472377463503,0.22781305083510492
0.06812743669456107,-0.17114987037065954,0.22591373423608596,0.09407027419119725,-0.1571841884037377,0.22706990104710656
0.06630048517758308,-0.1725615274113773,0.22517503362222768,0.09236024746419591,-0.15896440524399325,0.22632277743520515
0.06444839051297466,-0.17395111155693696,0.22443370876214125,0.0906183237818748,-0.1607239293367979,0.22557292916256155
0.06257145052857037,-0.1753182003209602,0.2236897716715377,0.08884454623652588,-0.16246177046970797,0.22482097731207618
0.060669969969635425,-0.17666237556959563,0.22294323440961517,0.08703915736666333,-0.16417724606748443,0.2240671199650131
0.05874426043204527,-0.17798322363340283,0.2221941090788596,0.08519060267378054,-0.16584667768006778,0.22334191805627018
0.056610075346474206,-0.1786977299915415,0.222172328441197,0.08325842180726399,-0.16738523523495397,0.22275684996694065
0.05446719649745156,-0.17938663021263163,0.2221505333357855,0.08123105787642923,-0.16875693570395234,0.22235867470050796
0.052315931291672654,-0.1800498184721656,0.22212872377117274,0.07912180048959054,-0.16997460300994324,0.22212897258588382
0.05015658842454709,-0.18068719263828928,0.22210689975591158,0.07695217023621086,-0.17107155802127297,0.22202203646514745
0.047989477835814885,-0.18129865428750297,0.22208506129856054,0.07474244386649727,-0.17208337402987683,0.22198962666608238
0.045814910664971994,-0.181884108719829,0.22206320840768395,0.0725077533436256,-0.1730388136091063,0.2219931540524306
0.04363319920651118,-0.18244346497344305,0.22204134109185186,0.07025757211693577,-0.17395711360641297,0.22200709349269598
0.041444656864983304,-0.1829766358387672,0.22201945935963982,0.06799680882294479,-0.1748488322139574,0.22201758088581308
0.039249598109887415,-0.18348353787202218,0.22199756321962905,0.06572734901799109,-0.17571816495503798,0.22201914267638612
0.03704833843039519,-0.18396409140823733,0.22197565268040645,0.06344943106330277,-0.17656542733112665,0.22201132450151811
0.03484119428991612,-0.18441822057371557,0.2219537277505645,0.06116262633564887,-0.1773890610325575,0.22199603759608166
0.032628483080510404,-0.18484585329795192,0.22193178843870168,0.05886641698516553,-0.17818697230369523,0.22197582824940995
0.030410523077155863,-0.18524692132500406,0.22190983475342152,0.05656046370169899,-0.17895726409453272,0.22195295401022114
0.028187633391875723,-0.1856213602243112,0.22188786670333369,0.054244677105228845,-0.1796985266470709,0.22192903219105245
0.025960133927733997,-0.18596910940096273,0.2218658842970532,0.05191918838247703,-0.1804098612855569,0.2219050258831829
0.023728345332704008,-0.18629011210541183,0.22184388754320084,0.04958428415794405,-0.1810907772981159,0.22188138541843444
0.021492588953418663,-0.18658431544263515,0.221821876450403,0.04724034187469146,-0.1817410542683746,0.22185822803114524
0.01925318678880731,-0.18685167038073483,0.22179985102729155,0.04488778097913032,-0.18236061970370554,0.22183549417674697
0.01701046144362706,-0.18709213175898312,0.22177781128250423,0.04252703258103508,-0.1829494612020596,0.22181305800280504
0.014764736081894669,-0.18730565829530763,0.22175575722468424,0.0402574283518684,-0.18348501259035435,0.22179162967960386
0.014764736081894669,-0.18730565829530763,0.22175575722468424,0.038439833530034793,-0.1838928171402055,0.22177424639615273
0.014764736081894669,-0.18730565829530763,0.22175575722468424,0.03722548496709594,-0.1841551227213536,0.22176230360727286
0.014764736081894669,-0.18730565829530763,0.22175575722468424,0.03655487585806728,-0.1842967287753785,0.22175538866946642
0.014764736081894669,-0.18730565829530763,0.22175575722468424,0.0362804492797871,-0.18435425432297078,0.2217522671349707
0.014764736081894669,-0.18730565829530763,0.22175575722468424,0.03624655513997337,-0.18436166819147942,0.22175156606343377
0.014764736081894669,-0.18730565829530763,0.22175575722468424,0.036328713235359786,-0.1843448991816889,0.22175213526949103
0.014764736081894669,-0.18730565829530763,0.22175575722468424,0.03644458883562012,-0.1843209331522667,0.2217531714945044
0.014764736081894669,-0.18730565829530763,0.22175575722468424,0.03654945603949918,-0.18429907813084656,0.22175420310706956
0.014764736081894669,-0.18730565829530763,0.22175575722468424,0.036625648472978195,-0.18428309612541313,0.221755012591464
0.014764736081894669,-0.18730565829530763,0.22175575722468424,0.03667168672071478,-0.18427337556283202,0.22175554652683332
0.014764736081894669,-0.18730565829530763,0.22175575722468424,0.0366937207840339,-0.1842686798301852,0.22175583891213668
0.014764736081894669,-0.18730565829530763,0.22175575722468424,0.036699949737367815,-0.18426731417954056,0.2217559570064626
0.014764736081894669,-0.18730565829530763,0.22175575722468424,0.036697643377286746,-0.18426776045111828,0.22175596914254447
0.014764736081894669,-0.18730565829530763,0.22175575722468424,0.03669200936003885,-0.1842689240731928,0.22175592958198
0.014764736081894669,-0.18730565829530763,0.22175575722468424,0.03668614833565294,-0.18427014919386583,0.22175587449607823
0.014764736081894669,-0.18730565829530763,0.22175575722468424,0.03668150989352438,-0.18427112599178697,0.22175582395976756
0.014764736081894669,-0.18730565829530763,0.22175575722468424,0.03667847136522677,-0.18427177062617106,0.2217557863074282
0.014764736081894669,-0.18730565829530763,0.22175575722468424,0.03667684123101885,-0.18427212010454483,0.22175576265487415
0.014764736081894669,-0.18730565829530763,0.22175575722468424,0.03667621473592461,-0.18427225762554017,0.221755750534288
0.014764736081894669,-0.18730565829530763,0.22175575722468424,0.03667618246547627,-0.1842722684910015,0.22175574634304274
0.014764736081894669,-0.18730565829530763,0.22175575722468424,0.03667642545849761,-0.18427221973653465,0.2217557467206665
0.014764736081894669,-0.18730565829530763,0.22175575722468424,0.03667673765033686,-0.1842721550518124,0.22175574913542734
0.014764736081894669,-0.18730565829530763,0.22175575722468424,0.03667701047164151,-0.184272097746307,0.2217557519795158
0.014764736081894669,-0.18730565829530763,0.22175575722468424,0.03667720386279257,-0.18427205667909263,0.22175575441617043
0.014764736081894669,-0.18730565829530763,0.22175575722468424,0.036677317715098225,-0.18427203219099514,0.2217557561444238
0.014764736081894669,-0.18730565829530763,0.22175575722468424,0.036677369960566183,-0.1842720207013201,0.22175575717582216
0.014764736081894669,-0.18730565829530763,0.22175575722468424,0.03667738261298867,-0.18427201766609014,0.22175575766430197
0.014764736081894669,-0.18730565829530763,0.22175575722468424,0.03667737455031859,-0.18427201913020083,0.2217557577969771
0.014764736081894669,-0.18730565829530763,0.22175575722468424,0.03667735896872203,-0.18427202229525244,0.2217557577364427
0.014764736081894669,-0.18730565829530763,0.22175575722468424,0.036677343518910055,-0.18427202551521943,0.22175575759926092
0.014764736081894669,-0.18730565829530763,0.22175575722468424,0.03667733162125083,-0.18427202803489165,0.2217557574558029
0.014764736081894669,-0.18730565829530763,0.22175575722468424,0.036677324015165914,-0.184272029671166,0.2217557573400254
0.014764736081894669,-0.18730565829530763,0.22175575722468424,0.03667732006391691,-0.18427203054035332,0.22175575726176577
0.014764736081894669,-0.18730565829530763,0.22175575722468424,0.036677318654116095,-0.18427203086768026,0.22175575721758375
0.014764736081894669,-0.18730565829530763,0.22175575722468424,0.03667731870912588,-0.18427203087679694,0.22175575719861856
0.014764736081894669,-0.18730565829530763,0.22175575722468424,0.03667731941227459,-0.18427203074027435,0.22175575719538584
0.014764736081894669,-0.18730565829530763,0.22175575722468424,0.036677320248748896,-0.18427203056877267,0.22175575720013502
0.014764736081894669,-0.18730565829530763,0.22175575722468424,0.03667732095624565,-0.18427203042009804,0.22175575720757112
0.014764736081894669,-0.18730565829530763,0.22175575722468424,0.036677321445633286,-0.1842720303151922,0.22175575721466723
0.014764736081894669,-0.18730565829530763,0.22175575722468424,0.036677321726024524,-0.18427203025364938,0.2217557572200925
0.014764736081894669,-0.18730565829530763,0.22175575722468424,0.03667732184877681,-0.18427203022552352,0.22175575722358642
0.014764736081894669,-0.18730565829530763,0.22175575722468424,0.036677321872688136,-0.18427203021880426,0.22175575722544005
0.014764736081894669,-0.18730565829530763,0.22175575722468424,0.03667732184661967,-0.18427203022325456,0.22175575722613808
0.014764736081894669,-0.18730565829530763,0.22175575722468424,0.036677321803905163,-0.1842720302317416,0.2217557572261516
0.014764736081894669,-0.18730565829530763,0.22175575722468424,0.036677321763340404,-0.18427203024013938,0.22175575722584495
0.014764736081894669,-0.18730565829530763,0.22175575722468424,0.03667732173291571,-0.18427203024660688,0.22175575722545532
0.014764736081894669,-0.18730565829530763,0.22175575722468424,0.03667732171394208,-0.18427203025074793,0.22175575722511032
0.014764736081894669,-0.18730565829530763,0.22175575722468424,0.03667732170442204,-0.1842720302529079,0.22175575722485943
0.014764736081894669,-0.18730565829530763,0.22175575722468424,0.03667732170131753,-0.18427203025368813,0.22175575722470584
0.014764736081894669,-0.18730565829530763,0.22175575722468424,0.03667732170180812,-0.18427203025367062,0.2217557572246301
0.014764736081894669,-0.18730565829530763,0.22175575722468424,0.03667732170380912,-0.1842720302532974,0.22175575722460644
0.014764736081894669,-0.18730565829530763,0.22175575722468424,0.03667732170603889,-0.18427203025284758,0.22175575722461205
0.014764736081894669,-0.18730565829530763,0.22175575722468424,0.03667732170786774,-0.18427203025246452,0.2217557572246301
0.014764736081894669,-0.18730565829530763,0.22175575722468424,0.036677321709102345,-0.18427203025219774,0.22175575722464996
0.014764736081894669,-0.18730565829530763,0.22175575722468424,0.03667732170978983,-0.18427203025204342,0.22175575722466656
0.014764736081894669,-0.18730565829530763,0.22175575722468424,0.03667732171007515,-0.18427203025197458,0.221755757224678
0.014764736081894669,-0.18730565829530763,0.22175575722468424,0.0366773217101146,-0.18427203025195976,0.22175575722468457
0.014764736081894669,-0.18730565829530763,0.22175575722468424,0.03667732171003424,-0.1842720302519725,0.2217557572246876
0.014764736081894669,-0.18730565829530763,0.22175575722468424,0.036677321709918026,-0.18427203025199496,0.22175575722468827
0.014764736081894669,-0.18730565829530763,0.22175575722468424,0.036677321709811916,-0.18427203025201666,0.22175575722468774
0.014764736081894669,-0.18730565829530763,0.22175575722468424,0.036677321709734347,-0.18427203025203315,0.2217557572246867
0.014764736081894669,-0.18730565829530763,0.22175575722468424,0.036677321709687176,-0.18427203025204358,0.22175575722468577
0.014764736081894669,-0.18730565829530763,0.22175575722468424,0.03667732170966439,-0.18427203025204894,0.22175575722468496
0.014764736081894669,-0.18730565829530763,0.22175575722468424,0.03667732170965776,-0.1842720302520508,0.22175575722468446
0.014764736081894669,-0.18730565829530763,0.22175575722468424,0.03667732170965989,-0.18427203025205072,0.2217557572246842
0.014764736081894669,-0.18730565829530763,0.22175575722468424,0.036677321709665534,-0.18427203025204966,0.22175575722468407
0.014764736081894669,-0.18730565829530763,0.22175575722468424,0.03667732170967144,-0.18427203025204852,0.22175575722468405
0.014764736081894669,-0.18730565829530763,0.22175575722468424,0.03667732170967614,-0.18427203025204753,0.22175575722468407
0.014764736081894669,-0.18730565829530763,0.22175575722468424,0.03667732170967926,-0.18427203025204691,0.22175575722468416
0.014764736081894669,-0.18730565829530763,0.22175575722468424,0.03667732170968092,-0.18427203025204653,0.22175575722468416
0.014764736081894669,-0.18730565829530763,0.22175575722468424,0.03667732170968158,-0.1842720302520463,0.22175575722468427
0.014764736081894669,-0.18730565829530763,0.22175575722468424,0.03667732170968163,-0.1842720302520463,0.22175575722468424
0.014764736081894669,-0.18730565829530763,0.22175575722468424,0.03667732170968139,-0.18427203025204633,0.22175575722468424
0.014764736081894669,-0.18730565829530763,0.22175575722468424,0.03667732170968107,-0.18427203025204641,0.2217557572246843
0.014764736081894669,-0.18730565829530763,0.22175575722468424,0.03667732170968081,-0.1842720302520465,0.22175575722468424
0.014764736081894669,-0.18730565829530763,0.22175575722468424,0.03667732170968062,-0.18427203025204655,0.22175575722468424
0.014764736081894669,-0.18730565829530763,0.22175575722468424,0.036677321709680494,-0.18427203025204658,0.22175575722468424
0.014764736081894669,-0.18730565829530763,0.22175575722468424,0.03667732170968044,-0.18427203025204655,0.22175575722468424
0.014764736081894669,-0.18730565829530763,0.22175575722468424,0.03667732170968042,-0.18427203025204655,0.22175575722468424
0.014764736081894669,-0.18730565829530763,0.22175575722468424,0.03667732170968043,-0.18427203025204655,0.22175575722468424
0.014764736081894669,-0.18730565829530763,0.22175575722468424,0.03667732170968044,-0.18427203025204655,0.22175575722468424
0.014764736081894669,-0.18730565829530763,0.22175575722468424,0.036677321709680466,-0.18427203025204655,0.22175575722468424
0.014764736081894669,-0.18730565829530763,0.22175575722468424,0.03667732170968047,-0.18427203025204655,0.22175575722468424
0.014764736081894669,-0.18730565829530763,0.22175575722468424,0.03667732170968048,-0.18427203025204655,0.22175575722468419
0.014764736081894669,-0.18730565829530763,0.22175575722468424,0.036677321709680494,-0.18427203025204655,0.22175575722468419
0.014764736081894669,-0.18730565829530763,0.22175575722468424,0.036677321709680494,-0.18427203025204655,0.22175575722468419
0.014764736081894669,-0.18730565829530763,0.22175575722468424,0.036677321709680494,-0.18427203025204655,0.22175575722468419
0.014764736081894669,-0.18730565829530763,0.22175575722468424,0.036677321709680494,-0.18427203025204655,0.22175575722468419
0.014764736081894669,-0.18730565829530763,0.22175575722468424,0.036677321709680494,-0.18427203025204655,0.22175575722468419
0.014764736081894669,-0.18730565829530763,0.22175575722468424,0.036677321709680494,-0.18427203025204655,0.22175575722468419
0.014764736081894669,-0.18730565829530763,0.22175575722468424,0.036677321709680494,-0.18427203025204655,0.22175575722468419
0.014764736081894669,-0.18730565829530763,0.22175575722468424,0.036677321709680494,-0.18427203025204655,0.22175575722468419
0.014764736081894669,-0.18730565829530763,0.22175575722468424,0.036677321709680494,-0.18427203025204655,0.22175575722468419
0.014764736081894669,-0.18730565829530763,0.22175575722468424,0.036677321709680494,-0.18427203025204655,0.22175575722468419
0.014764736081894669,-0.18730565829530763,0.22175575722468424,0.036677321709680494,-0.18427203025204655,0.22175575722468419
0.014764736081894669,-0.18730565829530763,0.22175575722468424,0.036677321709680494,-0.18427203025204655,0.22175575722468419
0.014764736081894669,-0.18730565829530763,0.22175575722468424,0.036677321709680494,-0.18427203025204655,0.22175575722468419
0.014764736081894669,-0.18730565829530763,0.22175575722468424,0.036677321709680494,-0.18427203025204655,0.22175575722468419
0.014764736081894669,-0.18730565829530763,0.22175575722468424,0.036677321709680494,-0.18427203025204655,0.22175575722468419
0.014764736081894669,-0.18730565829530763,0.22175575722468424,0.036677321709680494,-0.18427203025204655,0.22175575722468419
